# PARAM X1 = 9.891413e+03
# PARAM X2 = 1.617500e-09
# TEMPERATURE = 2.700000e+01
# FREQ VR(VOUT) VI(VOUT)
1.00000000000e+02 9.99898953549e-01 -1.00516785048e-02
1.25892541179e+02 9.99839861632e-01 -1.26535656576e-02
1.58489319246e+02 9.99746221560e-01 -1.59284034407e-02
1.99526231497e+02 9.99597847971e-01 -2.00496958187e-02
2.51188643151e+02 9.99362781871e-01 -2.52351358576e-02
3.16227766017e+02 9.98990453588e-01 -3.17573177046e-02
3.98107170553e+02 9.98400920984e-01 -3.99565008810e-02
5.01187233627e+02 9.97467998709e-01 -5.02552510700e-02
6.30957344480e+02 9.95992982585e-01 -6.31740550113e-02
7.94328234724e+02 9.93664154553e-01 -7.93454630664e-02
1.00000000000e+03 9.89995436523e-01 -9.95212147568e-02
1.25892541179e+03 9.84236079625e-01 -1.24560905542e-01
1.58489319246e+03 9.75244124277e-01 -1.55380250805e-01
1.99526231497e+03 9.61324583457e-01 -1.92820197847e-01
2.51188643151e+03 9.40059508731e-01 -2.37376554815e-01
3.16227766017e+03 9.08218472308e-01 -2.88717299216e-01
3.98107170553e+03 8.61947091732e-01 -3.44955508416e-01
5.01187233627e+03 7.97548107734e-01 -4.01827231013e-01
6.30957344480e+03 7.13107141740e-01 -4.52311116533e-01
7.94328234724e+03 6.10640619977e-01 -4.87605017623e-01
1.00000000000e+04 4.97372226933e-01 -4.99993094761e-01
1.25892541179e+04 3.84372909539e-01 -4.86446683565e-01
1.58489319246e+04 2.82611326784e-01 -4.50268991557e-01
1.99526231497e+04 1.99078735283e-01 -3.99307390917e-01
2.51188643151e+04 1.35570346258e-01 -3.42331750607e-01
3.16227766017e+04 9.00441249446e-02 -2.86244965908e-01
3.98107170553e+04 5.87668309820e-02 -2.35187777230e-01
5.01187233627e+04 3.79013478647e-02 -1.90957680376e-01
6.30957344480e+04 2.42533708914e-02 -1.53834797402e-01
7.94328234724e+04 1.54410480312e-02 -1.23298913486e-01
1.00000000000e+05 9.79847836349e-03 -9.85011075331e-02
1.25892541179e+05 6.20485900877e-03 -7.85261659159e-02
1.58489319246e+05 3.92398673407e-03 -6.25187096970e-02
1.99526231497e+05 2.47945879962e-03 -4.97323947110e-02
2.51188643151e+05 1.56586554774e-03 -3.95400254531e-02
3.16227766017e+05 9.88565631404e-04 -3.14259187518e-02
3.98107170553e+05 6.23970384311e-04 -2.49716047796e-02
5.01187233627e+05 3.93789375263e-04 -1.98402193836e-02
6.30957344480e+05 2.48500411842e-04 -1.57619370443e-02
7.94328234724e+05 1.56807540347e-04 -1.25212999222e-02
1.00000000000e+06 9.89445950439e-05 -9.94659766005e-03
1.25892541179e+06 6.24320986336e-05 -7.90115186961e-03
1.58489319246e+06 3.93928987808e-05 -6.27625262241e-03
1.99526231497e+06 2.48556001484e-05 -4.98547714342e-03
2.51188643151e+06 1.56829673214e-05 -3.96014158408e-03
3.16227766017e+06 9.89534068581e-06 -3.14567047989e-03
3.98107170553e+06 6.24356068210e-06 -2.49870400409e-03
5.01187233627e+06 3.93942954508e-06 -1.98479571391e-03
6.30957344480e+06 2.48561561816e-06 -1.57658156778e-03
7.94328234724e+06 1.56831886845e-06 -1.25232440239e-03
1.00000000000e+07 9.89542881259e-07 -9.94757207596e-04
1.25892541179e+07 6.24359576614e-07 -7.90164025244e-04
1.58489319246e+07 3.93944351232e-07 -6.27649739935e-04
1.99526231497e+07 2.48562117863e-07 -4.98559982429e-04
2.51188643151e+07 1.56832108211e-07 -3.96020307074e-04
3.16227766017e+07 9.89543762535e-08 -3.14570129640e-04
3.98107170553e+07 6.24359927457e-08 -2.49871944899e-04
5.01187233627e+07 3.93944490905e-08 -1.98480345472e-04
6.30957344480e+07 2.48562173468e-08 -1.57658544738e-04
7.94328234724e+07 1.56832130348e-08 -1.25232634680e-04
1.00000000000e+08 9.89543850663e-09 -9.94758182108e-05
1.25892541179e+08 6.24359962541e-09 -7.90164513657e-05
1.58489319246e+08 3.93944504872e-09 -6.27649984721e-05
1.99526231497e+08 2.48562179028e-09 -4.98560105113e-05
2.51188643151e+08 1.56832132562e-09 -3.96020368562e-05
3.16227766017e+08 9.89543859476e-10 -3.14570160457e-05
3.98107170553e+08 6.24359966050e-10 -2.49871960344e-05
5.01187233627e+08 3.93944506269e-10 -1.98480353213e-05
6.30957344480e+08 2.48562179584e-10 -1.57658548618e-05
7.94328234724e+08 1.56832132783e-10 -1.25232636624e-05
1.00000000000e+09 9.89543860357e-11 -9.94758191853e-06
# PARAM X1 = 2.533888e+03
# PARAM X2 = 2.525400e-09
# TEMPERATURE = 2.700000e+01
# FREQ VR(VOUT) VI(VOUT)
1.00000000000e+02 9.99983834544e-01 -4.02059634010e-03
1.25892541179e+02 9.99974379721e-01 -5.06158304553e-03
1.58489319246e+02 9.99959395202e-01 -6.37206003379e-03
1.99526231497e+02 9.99935647261e-01 -8.02175778952e-03
2.51188643151e+02 9.99898011620e-01 -1.00984146294e-02
3.16227766017e+02 9.99838368953e-01 -1.27123924722e-02
3.98107170553e+02 9.99743856269e-01 -1.60024411069e-02
5.01187233627e+02 9.99594100355e-01 -2.01428620225e-02
6.30957344480e+02 9.99356845106e-01 -2.53523420192e-02
7.94328234724e+02 9.98981051492e-01 -3.19047058025e-02
1.00000000000e+03 9.98386037329e-01 -4.01417213862e-02
1.25892541179e+03 9.97444453974e-01 -5.04877728817e-02
1.58489319246e+03 9.95955777487e-01 -6.34654770543e-02
1.99526231497e+03 9.93605465147e-01 -7.97097533385e-02
2.51188643151e+03 9.89903108826e-01 -9.99747166181e-02
3.16227766017e+03 9.84091455460e-01 -1.25121791670e-01
3.98107170553e+03 9.75019098335e-01 -1.56066832532e-01
5.01187233627e+03 9.60978094292e-01 -1.93647092886e-01
6.30957344480e+03 9.39534490726e-01 -2.38347291704e-01
7.94328234724e+03 9.07442019010e-01 -2.89812010009e-01
1.00000000000e+04 8.60839170839e-01 -3.46114277065e-01
1.25892541179e+04 7.96045654414e-01 -4.02935442103e-01
1.58489319246e+04 7.11204943937e-01 -4.53202462104e-01
1.99526231497e+04 6.08432086826e-01 -4.88100893819e-01
2.51188643151e+04 4.95052489118e-01 -4.99975521537e-01
3.16227766017e+04 3.82179467087e-01 -4.85920077815e-01
3.98107170553e+04 2.80733781749e-01 -4.49357681067e-01
5.01187233627e+04 1.97603283057e-01 -3.98191192246e-01
6.30957344480e+04 1.34486544966e-01 -3.41174316426e-01
7.94328234724e+04 8.92866850012e-02 -2.85157102108e-01
1.00000000000e+05 5.82556479473e-02 -2.34226231301e-01
1.25892541179e+05 3.75644195880e-02 -1.90140300749e-01
1.58489319246e+05 2.40347369398e-02 -1.53157005586e-01
1.99526231497e+05 1.53006077859e-02 -1.22745668711e-01
2.51188643151e+05 9.70885264083e-03 -9.80540199137e-02
3.16227766017e+05 6.14789968650e-03 -7.81671479328e-02
3.98107170553e+05 3.88788343500e-03 -6.22315659243e-02
5.01187233627e+05 2.45661334391e-03 -4.95033170080e-02
6.30957344480e+05 1.55142474598e-03 -3.93575637869e-02
7.94328234724e+05 9.79443610398e-04 -3.12807336968e-02
1.00000000000e+06 6.18210595705e-04 -2.48561543961e-02
1.25892541179e+06 3.90153527794e-04 -1.97484507751e-02
1.58489319246e+06 2.46205683342e-04 -1.56890109982e-02
1.99526231497e+06 1.55359400174e-04 -1.24633568364e-02
2.51188643151e+06 9.80307750945e-05 -9.90056387594e-03
3.16227766017e+06 6.18554753097e-05 -7.86458194756e-03
3.98107170553e+06 3.90290573713e-05 -6.24720210206e-03
5.01187233627e+06 2.46260250948e-05 -4.96240049307e-03
6.30957344480e+06 1.55381126101e-05 -3.94181064704e-03
7.94328234724e+06 9.80394248872e-06 -3.13110944737e-03
1.00000000000e+07 6.18589189913e-06 -2.48713763871e-03
1.25892541179e+07 3.90304283601e-06 -1.97560816010e-03
1.58489319246e+07 2.46265709039e-06 -1.56928360270e-03
1.99526231497e+07 1.55383299028e-06 -1.24652740679e-03
2.51188643151e+07 9.80402899505e-07 -9.90152482355e-04
3.16227766017e+07 6.18592633805e-07 -7.86506357984e-04
3.98107170553e+07 3.90305654643e-07 -6.24744349558e-04
5.01187233627e+07 2.46266254861e-07 -4.96252147818e-04
6.30957344480e+07 1.55383516324e-07 -3.94187128379e-04
7.94328234724e+07 9.80403764576e-08 -3.13113983791e-04
1.00000000000e+08 6.18592978197e-08 -2.48715287011e-04
1.25892541179e+08 3.90305791747e-08 -1.97561579391e-04
1.58489319246e+08 2.46266309443e-08 -1.56928742867e-04
1.99526231497e+08 1.55383538053e-08 -1.24652932432e-04
2.51188643151e+08 9.80403851083e-09 -9.90153443397e-05
3.16227766017e+08 6.18593012636e-09 -7.86506839646e-05
3.98107170553e+08 3.90305805458e-09 -6.24744590960e-05
5.01187233627e+08 2.46266314902e-09 -4.96252268806e-05
6.30957344480e+08 1.55383540226e-09 -3.94187189017e-05
7.94328234724e+08 9.80403859734e-10 -3.13114014182e-05
1.00000000000e+09 6.18593016080e-10 -2.48715302243e-05
# PARAM X1 = 3.320130e+03
# PARAM X2 = 1.644500e-09
# TEMPERATURE = 2.700000e+01
# FREQ VR(VOUT) VI(VOUT)
1.00000000000e+02 9.99988231188e-01 -3.43055007643e-03
1.25892541179e+02 9.99981347818e-01 -4.31877693936e-03
1.58489319246e+02 9.99970438606e-01 -5.43695872214e-03
1.99526231497e+02 9.99953149158e-01 -6.84460715316e-03
2.51188643151e+02 9.99925748454e-01 -8.61661376004e-03
3.16227766017e+02 9.99882324341e-01 -1.08472029405e-02
3.98107170553e+02 9.99813509485e-01 -1.36548795949e-02
5.01187233627e+02 9.99704464688e-01 -1.71886000355e-02
6.30957344480e+02 9.99531689046e-01 -2.16354255519e-02
7.94328234724e+02 9.99257980405e-01 -2.72299284211e-02
1.00000000000e+03 9.98824488370e-01 -3.42655775144e-02
1.25892541179e+03 9.98138219685e-01 -4.31081673161e-02
1.58489319246e+03 9.97052486725e-01 -5.42109346922e-02
1.99526231497e+03 9.95336545980e-01 -6.81300683752e-02
2.51188643151e+03 9.92629028697e-01 -8.55373607542e-02
3.16227766017e+03 9.88367946231e-01 -1.07222894452e-01
3.98107170553e+03 9.81689016111e-01 -1.34073456574e-01
5.01187233627e+03 9.71286566296e-01 -1.66999917452e-01
6.30957344480e+03 9.55243921045e-01 -2.06767919058e-01
7.94328234724e+03 9.30875893238e-01 -2.53665063866e-01
1.00000000000e+04 8.94702860230e-01 -3.06935908826e-01
1.25892541179e+04 8.42797030490e-01 -3.63992027230e-01
1.58489319246e+04 7.71829650732e-01 -4.19653000684e-01
1.99526231497e+04 6.80952889472e-01 -4.66107339346e-01
2.51188643151e+04 5.73864841871e-01 -4.94513887707e-01
3.16227766017e+04 4.59369864640e-01 -4.98346457899e-01
3.98107170553e+04 3.49009318789e-01 -4.76656914549e-01
5.01187233627e+04 2.52766095694e-01 -4.34597971189e-01
6.30957344480e+04 1.75892098203e-01 -3.80728338836e-01
7.94328234724e+04 1.18684416921e-01 -3.23416799349e-01
1.00000000000e+05 7.83149698557e-02 -2.68666587711e-01
1.25892541179e+05 5.08840335890e-02 -2.19760889866e-01
1.58489319246e+05 3.27200848602e-02 -1.77903009831e-01
1.99526231497e+05 2.08973151714e-02 -1.43040614477e-01
2.51188643151e+05 1.32877899324e-02 -1.14504255690e-01
3.16227766017e+05 8.42534452803e-03 -9.14021777509e-02
3.98107170553e+05 5.33261376714e-03 -7.28297809797e-02
5.01187233627e+05 3.37128638497e-03 -5.79648239286e-02
6.30957344480e+05 2.12978767704e-03 -4.61004520747e-02
7.94328234724e+05 1.34486221518e-03 -3.66476951636e-02
1.00000000000e+06 8.48972046591e-04 -2.91247539570e-02
1.25892541179e+06 5.35833028239e-04 -2.31418649034e-02
1.58489319246e+06 3.38154653057e-04 -1.83858724157e-02
1.99526231497e+06 2.13387791324e-04 -1.46062403436e-02
2.51188643151e+06 1.34649197674e-04 -1.16030628400e-02
3.16227766017e+06 8.49621220791e-05 -9.21709843264e-03
3.98107170553e+06 5.36091558246e-05 -7.32163109444e-03
5.01187233627e+06 3.38257598100e-05 -5.81589336456e-03
6.30957344480e+06 2.13428780110e-05 -4.61978597909e-03
7.94328234724e+06 1.34665517018e-05 -3.66965534537e-03
1.00000000000e+07 8.49686192819e-06 -2.91492533893e-03
1.25892541179e+07 5.36117424968e-06 -2.31541475928e-03
1.58489319246e+07 3.38267896051e-06 -1.83920295726e-03
1.99526231497e+07 2.13432879855e-06 -1.46093266210e-03
2.51188643151e+07 1.34667149170e-06 -1.16046097658e-03
3.16227766017e+07 8.49692690568e-07 -9.21787377105e-04
3.98107170553e+07 5.36120011778e-07 -7.32201969646e-04
5.01187233627e+07 3.38268925881e-07 -5.81608813082e-04
6.30957344480e+07 2.13433289838e-07 -4.61988359468e-04
7.94328234724e+07 1.34667312387e-07 -3.66970426945e-04
1.00000000000e+08 8.49693340349e-08 -2.91494985918e-04
1.25892541179e+08 5.36120270460e-08 -2.31542704855e-04
1.58489319246e+08 3.38269028864e-08 -1.83920911650e-04
1.99526231497e+08 2.13433330837e-08 -1.46093574904e-04
2.51188643151e+08 1.34667328709e-08 -1.16046252372e-04
3.16227766017e+08 8.49693405327e-09 -9.21788152510e-05
3.98107170553e+08 5.36120296328e-09 -7.32202358269e-05
5.01187233627e+08 3.38269039163e-09 -5.81609007855e-05
6.30957344480e+08 2.13433334936e-09 -4.61988457086e-05
7.94328234724e+08 1.34667330341e-09 -3.66970475869e-05
1.00000000000e+09 8.49693411825e-10 -2.91495010438e-05
# PARAM X1 = 4.571194e+03
# PARAM X2 = 4.032400e-09
# TEMPERATURE = 2.700000e+01
# FREQ VR(VOUT) VI(VOUT)
1.00000000000e+02 9.99865881717e-01 -1.15801681935e-02
1.25892541179e+02 9.99787453519e-01 -1.45774244874e-02
1.58489319246e+02 9.99663178402e-01 -1.83496089576e-02
1.99526231497e+02 9.99466278888e-01 -2.30962389465e-02
2.51188643151e+02 9.99154373023e-01 -2.90673681708e-02
3.16227766017e+02 9.98660434111e-01 -3.65755581196e-02
3.98107170553e+02 9.97878593271e-01 -4.60098507127e-02
5.01187233627e+02 9.96641963556e-01 -5.78511887111e-02
6.30957344480e+02 9.94688303564e-01 -7.26875664554e-02
7.94328234724e+02 9.91607601772e-01 -9.12248095666e-02
1.00000000000e+03 9.86763916567e-01 -1.14284248818e-01
1.25892541179e+03 9.79183377418e-01 -1.42770062711e-01
1.58489319246e+03 9.67404740193e-01 -1.77574797889e-01
1.99526231497e+03 9.49306454178e-01 -2.19371170016e-01
2.51188643151e+03 9.21969764971e-01 -2.68219159364e-01
3.16227766017e+03 8.81728257534e-01 -3.22929616790e-01
3.98107170553e+03 8.24679921353e-01 -3.80240645737e-01
5.01187233627e+03 7.47979472935e-01 -4.34172985114e-01
6.30957344480e+03 6.51887880780e-01 -4.76371778837e-01
7.94328234724e+03 5.41611271610e-01 -4.98265493562e-01
1.00000000000e+04 4.27101698600e-01 -4.94657293136e-01
1.25892541179e+04 3.19906161231e-01 -4.66439931007e-01
1.58489319246e+04 2.28866949582e-01 -4.20103402713e-01
1.99526231497e+04 1.57727183577e-01 -3.64485005368e-01
2.51188643151e+04 1.05669968637e-01 -3.07414746499e-01
3.16227766017e+04 6.93787883921e-02 -2.54097170613e-01
3.98107170553e+04 4.49253117427e-02 -2.07140117089e-01
5.01187233627e+04 2.88238360462e-02 -1.67311154804e-01
6.30957344480e+04 1.83821460731e-02 -1.34328860558e-01
7.94328234724e+04 1.16775683134e-02 -1.07429989815e-01
1.00000000000e+05 7.39993767849e-03 -8.57040174137e-02
1.25892541179e+05 4.68183060373e-03 -6.82635412642e-02
1.58489319246e+05 2.95914820710e-03 -5.43175077575e-02
1.99526231497e+05 1.86913748985e-03 -4.31930991582e-02
2.51188643151e+05 1.18016009142e-03 -3.43331809417e-02
3.16227766017e+05 7.44955127212e-04 -2.72836978628e-02
3.98107170553e+05 4.70164166458e-04 -2.16781713277e-02
5.01187233627e+05 2.96705015413e-04 -1.72225718621e-02
6.30957344480e+05 1.87228709565e-04 -1.36818732261e-02
7.94328234724e+05 1.18141492429e-04 -1.08686491809e-02
1.00000000000e+06 7.45454924634e-05 -8.63365133839e-03
1.25892541179e+06 4.70363199587e-05 -6.85814169753e-03
1.58489319246e+06 2.96784267055e-05 -5.44771015166e-03
1.99526231497e+06 1.87260264013e-05 -4.32731738346e-03
2.51188643151e+06 1.18154055436e-05 -3.43733413269e-03
3.16227766017e+06 7.45504941263e-06 -2.73038345931e-03
3.98107170553e+06 4.70383112169e-06 -2.16882664030e-03
5.01187233627e+06 2.96792194548e-06 -1.72276322718e-03
6.30957344480e+06 1.87263420042e-06 -1.36844097193e-03
7.94328234724e+06 1.18155311883e-06 -1.08699205276e-03
1.00000000000e+07 7.45509943295e-07 -8.63428854921e-04
1.25892541179e+07 4.70385103520e-07 -6.85846106833e-04
1.58489319246e+07 2.96792987321e-07 -5.44787021904e-04
1.99526231497e+07 1.87263735651e-07 -4.32739760807e-04
2.51188643151e+07 1.18155437529e-07 -3.43737434052e-04
3.16227766017e+07 7.45510443502e-08 -2.73040361105e-04
3.98107170553e+07 4.70385302656e-08 -2.16883674012e-04
5.01187233627e+07 2.96793066598e-08 -1.72276828909e-04
6.30957344480e+07 1.87263767212e-08 -1.36844350890e-04
7.94328234724e+07 1.18155450094e-08 -1.08699332426e-04
1.00000000000e+08 7.45510493523e-09 -8.63429492179e-05
1.25892541179e+08 4.70385322569e-09 -6.85846426219e-05
1.58489319246e+08 2.96793074526e-09 -5.44787181976e-05
1.99526231497e+08 1.87263770368e-09 -4.32739841033e-05
2.51188643151e+08 1.18155451351e-09 -3.43737474260e-05
3.16227766017e+08 7.45510498525e-10 -2.73040381257e-05
3.98107170553e+08 4.70385324561e-10 -2.16883684112e-05
5.01187233627e+08 2.96793075319e-10 -1.72276833971e-05
6.30957344480e+08 1.87263770684e-10 -1.36844353427e-05
7.94328234724e+08 1.18155451476e-10 -1.08699333697e-05
1.00000000000e+09 7.45510499025e-11 -8.63429498552e-06
# PARAM X1 = 1.665953e+03
# PARAM X2 = 4.484400e-09
# TEMPERATURE = 2.700000e+01
# FREQ VR(VOUT) VI(VOUT)
1.00000000000e+02 9.99977966459e-01 -4.69393814131e-03
1.25892541179e+02 9.99965079641e-01 -5.90924185351e-03
1.58489319246e+02 9.99944656092e-01 -7.43914279171e-03
1.99526231497e+02 9.99912288656e-01 -9.36502275408e-03
2.51188643151e+02 9.99860994019e-01 -1.17892603172e-02
3.16227766017e+02 9.99779708277e-01 -1.48405928052e-02
3.98107170553e+02 9.99650906127e-01 -1.86807924421e-02
5.01187233627e+02 9.99446836444e-01 -2.35129233873e-02
6.30957344480e+02 9.99123578404e-01 -2.95914426952e-02
7.94328234724e+02 9.98611677052e-01 -3.72343323769e-02
1.00000000000e+03 9.97801441685e-01 -4.68372144355e-02
1.25892541179e+03 9.96519994908e-01 -5.88888330368e-02
1.58489319246e+03 9.94495767108e-01 -7.39860548501e-02
1.99526231497e+03 9.91304373359e-01 -9.28440236014e-02
2.51188643151e+03 9.86288099434e-01 -1.16292236837e-01
3.16227766017e+03 9.78441005218e-01 -1.45238440250e-01
3.98107170553e+03 9.66256788027e-01 -1.80567460023e-01
5.01187233627e+03 9.47555663650e-01 -2.22921349212e-01
6.30957344480e+03 9.19355058319e-01 -2.72289065265e-01
7.94328234724e+03 8.77943618983e-01 -3.27350913959e-01
1.00000000000e+04 8.19443585383e-01 -3.84650225215e-01
1.25892541179e+04 7.41171288851e-01 -4.37991334884e-01
1.58489319246e+04 6.43720305635e-01 -4.78899231309e-01
1.99526231497e+04 5.32711017711e-01 -4.98928841941e-01
2.51188643151e+04 4.18365742616e-01 -4.93290835128e-01
3.16227766017e+04 3.12168065462e-01 -4.63377992969e-01
3.98107170553e+04 2.22610166499e-01 -4.15998654169e-01
5.01187233627e+04 1.53029279921e-01 -3.60015721057e-01
6.30957344480e+04 1.02334203874e-01 -3.03087305230e-01
7.94328234724e+04 6.71026969315e-02 -2.50199770176e-01
1.00000000000e+05 4.34140340739e-02 -2.03787280563e-01
1.25892541179e+05 2.78384205378e-02 -1.64509704516e-01
1.58489319246e+05 1.77471827260e-02 -1.32031133568e-01
1.99526231497e+05 1.12715378550e-02 -1.05567467950e-01
2.51188643151e+05 7.14156621092e-03 -8.42054881998e-02
3.16227766017e+05 4.51793085091e-03 -6.70635456245e-02
3.98107170553e+05 2.85538245767e-03 -5.33594344862e-02
5.01187233627e+05 1.80352501174e-03 -4.24296159454e-02
6.30957344480e+05 1.13870524889e-03 -3.37254888659e-02
7.94328234724e+05 7.18776492009e-04 -2.68003703774e-02
1.00000000000e+06 4.53637638223e-04 -2.12939393048e-02
1.25892541179e+06 2.86273925157e-04 -1.69172093560e-02
1.58489319246e+06 1.80645720341e-04 -1.34392368632e-02
1.99526231497e+06 1.13987343076e-04 -1.06758770114e-02
2.51188643151e+06 7.19241768677e-05 -8.48050728321e-03
3.16227766017e+06 4.53822922266e-05 -6.73648518696e-03
3.98107170553e+06 2.86347701649e-05 -5.35107000654e-03
5.01187233627e+06 1.80675094706e-05 -4.25055090967e-03
6.30957344480e+06 1.13999038079e-05 -3.37635511314e-03
7.94328234724e+06 7.19288329476e-06 -2.68194547991e-03
1.00000000000e+07 4.53841458995e-06 -2.13035067366e-03
1.25892541179e+07 2.86355081390e-06 -1.69220052416e-03
1.58489319246e+07 1.80678032668e-06 -1.34416407563e-03
1.99526231497e+07 1.14000207711e-06 -1.06770818930e-03
2.51188643151e+07 7.19292985888e-07 -8.48111118018e-04
3.16227766017e+07 4.53843312751e-07 -6.73678786053e-04
3.98107170553e+07 2.86355819385e-07 -5.35122170523e-04
5.01187233627e+07 1.80678326469e-07 -4.25062693993e-04
6.30957344480e+07 1.14000324675e-07 -3.37639321880e-04
7.94328234724e+07 7.19293451532e-08 -2.68196457805e-04
1.00000000000e+08 4.53843498128e-08 -2.13036024543e-04
1.25892541179e+08 2.86355893184e-08 -1.69220532142e-04
1.58489319246e+08 1.80678355849e-08 -1.34416647996e-04
1.99526231497e+08 1.14000336372e-08 -1.06770939432e-04
2.51188643151e+08 7.19293498096e-09 -8.48111721958e-05
3.16227766017e+08 4.53843516666e-09 -6.73679088740e-05
3.98107170553e+08 2.86355900564e-09 -5.35122322226e-05
5.01187233627e+08 1.80678358787e-09 -4.25062770024e-05
6.30957344480e+08 1.14000337541e-09 -3.37639359986e-05
7.94328234724e+08 7.19293502753e-10 -2.68196476904e-05
1.00000000000e+09 4.53843518519e-10 -2.13036034115e-05
# PARAM X1 = 7.156865e+03
# PARAM X2 = 2.403100e-09
# TEMPERATURE = 2.700000e+01
# FREQ VR(VOUT) VI(VOUT)
1.00000000000e+02 9.99883238863e-01 -1.08049758639e-02
1.25892541179e+02 9.99814958706e-01 -1.36017297887e-02
1.58489319246e+02 9.99706761051e-01 -1.71217102031e-02
1.99526231497e+02 9.99535327283e-01 -2.15512597368e-02
2.51188643151e+02 9.99263743477e-01 -2.71240566567e-02
3.16227766017e+02 9.98833614331e-01 -3.41324656836e-02
3.98107170553e+02 9.98152663566e-01 -4.29409336374e-02
5.01187233627e+02 9.97075329153e-01 -5.40010846871e-02
6.30957344480e+02 9.95372624765e-01 -6.78672427097e-02
7.94328234724e+02 9.92685900251e-01 -8.52091761129e-02
1.00000000000e+03 9.88457312338e-01 -1.06815045869e-01
1.25892541179e+03 9.81828751352e-01 -1.33570409788e-01
1.58489319246e+03 9.71503380618e-01 -1.66386784529e-01
1.99526231497e+03 9.55576332465e-01 -2.06034475993e-01
2.51188643151e+03 9.31376288547e-01 -2.52813167536e-01
3.16227766017e+03 8.95435700793e-01 -3.05991187028e-01
3.98107170553e+03 8.43828065069e-01 -3.63018266305e-01
5.01187233627e+03 7.73200879976e-01 -4.18761601846e-01
6.30957344480e+03 6.82645701341e-01 -4.65446611097e-01
7.94328234724e+03 5.75771866611e-01 -4.94225276802e-01
1.00000000000e+04 4.61308294241e-01 -4.98500704017e-01
1.25892541179e+04 3.50784216526e-01 -4.77215517311e-01
1.58489319246e+04 2.54242698120e-01 -4.35434666250e-01
1.99526231497e+04 1.77026011065e-01 -3.81690715726e-01
2.51188643151e+04 1.19503011414e-01 -3.24379471725e-01
3.16227766017e+04 7.88800476193e-02 -2.69551452800e-01
3.98107170553e+04 5.12621930594e-02 -2.20532039899e-01
5.01187233627e+04 3.29679426289e-02 -1.78552673986e-01
6.30957344480e+04 2.10575640100e-02 -1.43576261993e-01
7.94328234724e+04 1.33904839859e-02 -1.14939892659e-01
1.00000000000e+05 8.49078277670e-03 -9.17534162009e-02
1.25892541179e+05 5.37416147887e-03 -7.31114209086e-02
1.58489319246e+05 3.39760510814e-03 -5.81898735835e-02
1.99526231497e+05 2.14643522850e-03 -4.62798881190e-02
2.51188643151e+05 1.35538270597e-03 -3.67905646014e-02
3.16227766017e+05 8.55616647253e-04 -2.92384091121e-02
3.98107170553e+05 5.40028126406e-04 -2.32322296827e-02
5.01187233627e+05 3.40802632302e-04 -1.84576944895e-02
6.30957344480e+05 2.15058971988e-04 -1.46633120961e-02
7.94328234724e+05 1.35703808132e-04 -1.16484072992e-02
1.00000000000e+06 8.56276026874e-05 -9.25312220826e-03
1.25892541179e+06 5.40290721374e-05 -7.35024849898e-03
1.58489319246e+06 3.40907196165e-05 -5.83862633154e-03
1.99526231497e+06 2.15100605372e-05 -4.63784409553e-03
2.51188643151e+06 1.35720384128e-05 -3.68399975740e-03
3.16227766017e+06 8.56342020737e-06 -2.92631968096e-03
3.98107170553e+06 5.40316994917e-06 -2.32446569235e-03
5.01187233627e+06 3.40917656080e-06 -1.84639241179e-03
6.30957344480e+06 2.15104769597e-06 -1.46664347030e-03
7.94328234724e+06 1.35722041950e-06 -1.16499724354e-03
1.00000000000e+07 8.56348620682e-07 -9.25390667421e-04
1.25892541179e+07 5.40319622412e-07 -7.35064167584e-04
1.58489319246e+07 3.40918702107e-07 -5.83882339073e-04
1.99526231497e+07 2.15105186028e-07 -4.63794286034e-04
2.51188643151e+07 1.35722207734e-07 -3.68404925746e-04
3.16227766017e+07 8.56349280683e-08 -2.92634448989e-04
3.98107170553e+07 5.40319885163e-08 -2.32447812631e-04
5.01187233627e+07 3.40918806710e-08 -1.84639864354e-04
6.30957344480e+07 2.15105227671e-08 -1.46664659357e-04
7.94328234724e+07 1.35722224313e-08 -1.16499880889e-04
1.00000000000e+08 8.56349346683e-09 -9.25391451954e-05
1.25892541179e+08 5.40319911438e-09 -7.35064560783e-05
1.58489319246e+08 3.40918817170e-09 -5.83882536139e-05
1.99526231497e+08 2.15105231836e-09 -4.63794384801e-05
2.51188643151e+08 1.35722225971e-09 -3.68404975247e-05
3.16227766017e+08 8.56349353283e-10 -2.92634473798e-05
3.98107170553e+08 5.40319914065e-10 -2.32447825065e-05
5.01187233627e+08 3.40918818216e-10 -1.84639870586e-05
6.30957344480e+08 2.15105232252e-10 -1.46664662481e-05
7.94328234724e+08 1.35722226136e-10 -1.16499882454e-05
1.00000000000e+09 8.56349353943e-11 -9.25391459799e-06
# PARAM X1 = 4.621495e+03
# PARAM X2 = 3.742100e-09
# TEMPERATURE = 2.700000e+01
# FREQ VR(VOUT) VI(VOUT)
1.00000000000e+02 9.99881939610e-01 -1.08649183984e-02
1.25892541179e+02 9.99812899811e-01 -1.36771774226e-02
1.58489319246e+02 9.99703498632e-01 -1.72166621371e-02
1.99526231497e+02 9.99530158481e-01 -2.16707352964e-02
2.51188643151e+02 9.99255555953e-01 -2.72743441733e-02
3.16227766017e+02 9.98820649211e-01 -3.43214207280e-02
3.98107170553e+02 9.98132143400e-01 -4.31783245634e-02
5.01187233627e+02 9.97042877436e-01 -5.42989685925e-02
6.30957344480e+02 9.95321368744e-01 -6.82403228744e-02
7.94328234724e+02 9.92605105298e-01 -8.56750269012e-02
1.00000000000e+03 9.88330355549e-01 -1.07393965611e-01
1.25892541179e+03 9.81630242649e-01 -1.34284434564e-01
1.58489319246e+03 9.71195383395e-01 -1.67257019785e-01
1.99526231497e+03 9.55104147677e-01 -2.07075384261e-01
2.51188643151e+03 9.30665542116e-01 -2.54022028246e-01
3.16227766017e+03 8.94394919195e-01 -3.07331494828e-01
3.98107170553e+03 8.42364036141e-01 -3.64399323212e-01
5.01187233627e+03 7.71254239364e-01 -4.20025163088e-01
6.30957344480e+03 6.80243245170e-01 -4.66382217254e-01
7.94328234724e+03 5.73066343680e-01 -4.94632499358e-01
1.00000000000e+04 4.58559244537e-01 -4.98279704370e-01
1.25892541179e+04 3.48267991479e-01 -4.76421449549e-01
1.58489319246e+04 2.52150015518e-01 -4.34246917309e-01
1.99526231497e+04 1.75419400636e-01 -3.80325432382e-01
2.51188643151e+04 1.18343383378e-01 -3.23014282948e-01
3.16227766017e+04 7.80796589216e-02 -2.68296898574e-01
3.98107170553e+04 5.07266074790e-02 -2.19438872520e-01
5.01187233627e+04 3.26169235541e-02 -1.77631809798e-01
6.30957344480e+04 2.08306264733e-02 -1.42817055963e-01
7.94328234724e+04 1.32450566758e-02 -1.14322461264e-01
1.00000000000e+05 8.39811570070e-03 -9.12556154622e-02
1.25892541179e+05 5.31532637509e-03 -7.27122663697e-02
1.58489319246e+05 3.36033578941e-03 -5.78709247619e-02
1.99526231497e+05 2.12286112170e-03 -4.60255861707e-02
2.51188643151e+05 1.34048498725e-03 -3.65880866847e-02
3.16227766017e+05 8.46207463436e-04 -2.90773347535e-02
3.98107170553e+05 5.34087602437e-04 -2.31041631069e-02
5.01187233627e+05 3.37052928859e-04 -1.83559070651e-02
6.30957344480e+05 2.12692477102e-04 -1.45824291190e-02
7.94328234724e+05 1.34210415067e-04 -1.15841444497e-02
1.00000000000e+06 8.46852414987e-05 -9.20206878417e-03
1.25892541179e+06 5.34344450509e-05 -7.30969149903e-03
1.58489319246e+06 3.37155204093e-05 -5.80640884480e-03
1.99526231497e+06 2.12733199178e-05 -4.61225187556e-03
2.51188643151e+06 1.34226628217e-05 -3.66367065303e-03
3.16227766017e+06 8.46916964218e-06 -2.91017145807e-03
3.98107170553e+06 5.34370148904e-06 -2.31163858202e-03
5.01187233627e+06 3.37165435030e-06 -1.83620341527e-03
6.30957344480e+06 2.12737272243e-06 -1.45855003230e-03
7.94328234724e+06 1.34228249748e-06 -1.15856838199e-03
1.00000000000e+07 8.46923419682e-07 -9.20284033548e-04
1.25892541179e+07 5.34372718879e-07 -7.31007820290e-04
1.58489319246e+07 3.37166458158e-07 -5.80660265971e-04
1.99526231497e+07 2.12737679558e-07 -4.61234901434e-04
2.51188643151e+07 1.34228411903e-07 -3.66371933813e-04
3.16227766017e+07 8.46924065234e-08 -2.91019585854e-04
3.98107170553e+07 5.34372975878e-08 -2.31165081127e-04
5.01187233627e+07 3.37166560471e-08 -1.83620954442e-04
6.30957344480e+07 2.12737720290e-08 -1.45855310415e-04
7.94328234724e+07 1.34228428118e-08 -1.15856992157e-04
1.00000000000e+08 8.46924129789e-09 -9.20284805164e-05
1.25892541179e+08 5.34373001578e-09 -7.31008207015e-05
1.58489319246e+08 3.37166570703e-09 -5.80660459792e-05
1.99526231497e+08 2.12737724363e-09 -4.61234998575e-05
2.51188643151e+08 1.34228429740e-09 -3.66371982498e-05
3.16227766017e+08 8.46924136245e-10 -2.91019610255e-05
3.98107170553e+08 5.34373004148e-10 -2.31165093356e-05
5.01187233627e+08 3.37166571726e-10 -1.83620960572e-05
6.30957344480e+08 2.12737724770e-10 -1.45855313487e-05
7.94328234724e+08 1.34228429902e-10 -1.15856993697e-05
1.00000000000e+09 8.46924136890e-11 -9.20284812881e-06
# PARAM X1 = 9.845517e+03
# PARAM X2 = 2.176600e-09
# TEMPERATURE = 2.700000e+01
# FREQ VR(VOUT) VI(VOUT)
1.00000000000e+02 9.99818734442e-01 -1.34622695202e-02
1.25892541179e+02 9.99712743907e-01 -1.69461965469e-02
1.58489319246e+02 9.99544806252e-01 -2.13304136551e-02
1.99526231497e+02 9.99278758551e-01 -2.68462522557e-02
2.51188643151e+02 9.98857391345e-01 -3.37831777692e-02
3.16227766017e+02 9.98190296753e-01 -4.25020966625e-02
3.98107170553e+02 9.97134846361e-01 -5.34503932046e-02
5.01187233627e+02 9.95466634556e-01 -6.71774816568e-02
6.30957344480e+02 9.92834100599e-01 -8.43477876817e-02
7.94328234724e+02 9.88690217353e-01 -1.05744368473e-01
1.00000000000e+03 9.82192996070e-01 -1.32249440608e-01
1.25892541179e+03 9.72068710530e-01 -1.64776007169e-01
1.58489319246e+03 9.56443464784e-01 -2.04106255307e-01
1.99526231497e+03 9.32682518681e-01 -2.50571023919e-01
2.51188643151e+03 8.97350650057e-01 -3.03500347445e-01
3.16227766017e+03 8.46526146337e-01 -3.60443657046e-01
3.98107170553e+03 7.76796387662e-01 -4.16393755689e-01
5.01187233627e+03 6.87095838148e-01 -4.63675691996e-01
6.30957344480e+03 5.80800361385e-01 -4.93428111887e-01
7.94328234724e+03 4.66436249680e-01 -4.98872202738e-01
1.00000000000e+04 3.55494352388e-01 -4.78662843564e-01
1.25892541179e+04 2.58172026795e-01 -4.37629102524e-01
1.58489319246e+04 1.80050075751e-01 -3.84229158150e-01
1.99526231497e+04 1.21689732898e-01 -3.26927120021e-01
2.51188643151e+04 8.03912996537e-02 -2.71898029772e-01
3.16227766017e+04 5.22743467924e-02 -2.22579737307e-01
3.98107170553e+04 3.36316875173e-02 -1.80279219857e-01
5.01187233627e+04 2.14868448066e-02 -1.45000552781e-01
6.30957344480e+04 1.36656451244e-02 -1.16098644556e-01
7.94328234724e+04 8.66614430896e-03 -9.26878754303e-02
1.00000000000e+05 5.48551103479e-03 -7.38608164284e-02
1.25892541179e+05 3.46814434389e-03 -5.87887431291e-02
1.58489319246e+05 2.19105546248e-03 -4.67574030335e-02
1.99526231497e+05 1.38358129026e-03 -3.71707814428e-02
2.51188643151e+05 8.73426748920e-04 -2.95408847978e-02
3.16227766017e+05 5.51272714783e-04 -2.34727248775e-02
3.98107170553e+05 3.47900346145e-04 -1.86488420953e-02
5.01187233627e+05 2.19538465106e-04 -1.48152039462e-02
6.30957344480e+05 1.38530630576e-04 -1.17690883181e-02
7.94328234724e+05 8.74113875917e-05 -9.34899710349e-03
1.00000000000e+06 5.51546361997e-05 -7.42641193079e-03
1.25892541179e+06 3.48009311449e-05 -5.89912875263e-03
1.58489319246e+06 2.19581851102e-05 -4.68590470969e-03
1.99526231497e+06 1.38547904391e-05 -3.72217657882e-03
2.51188643151e+06 8.74182648084e-06 -2.95664506854e-03
3.16227766017e+06 5.51573741661e-06 -2.34855423468e-03
3.98107170553e+06 3.48020211734e-06 -1.86552673675e-03
5.01187233627e+06 2.19586190645e-06 -1.48184246283e-03
6.30957344480e+06 1.38549632010e-06 -1.17707026150e-03
7.94328234724e+06 8.74189525895e-07 -9.34980621023e-04
1.00000000000e+07 5.51576479777e-07 -7.42681745797e-04
1.25892541179e+07 3.48021301800e-07 -5.89933200185e-04
1.58489319246e+07 2.19586624609e-07 -4.68600657693e-04
1.99526231497e+07 1.38549804774e-07 -3.72222763380e-04
2.51188643151e+07 8.74190213683e-08 -2.95667065677e-04
3.16227766017e+07 5.51576753590e-08 -2.34856705922e-04
3.98107170553e+07 3.48021410807e-08 -1.86553316426e-04
5.01187233627e+07 2.19586668005e-08 -1.48184568422e-04
6.30957344480e+07 1.38549822050e-08 -1.17707187602e-04
7.94328234724e+07 8.74190282461e-09 -9.34981430200e-05
1.00000000000e+08 5.51576780972e-09 -7.42682151347e-05
1.25892541179e+08 3.48021421707e-09 -5.89933403441e-05
1.58489319246e+08 2.19586672345e-09 -4.68600759562e-05
1.99526231497e+08 1.38549823778e-09 -3.72222814435e-05
2.51188643151e+08 8.74190289339e-10 -2.95667091266e-05
3.16227766017e+08 5.51576783710e-10 -2.34856718747e-05
3.98107170553e+08 3.48021422797e-10 -1.86553322853e-05
5.01187233627e+08 2.19586672779e-10 -1.48184571643e-05
6.30957344480e+08 1.38549823951e-10 -1.17707189216e-05
7.94328234724e+08 8.74190290027e-11 -9.34981438292e-06
1.00000000000e+09 5.51576783984e-11 -7.42682155402e-06
# PARAM X1 = 4.619656e+03
# PARAM X2 = 3.122500e-09
# TEMPERATURE = 2.700000e+01
# FREQ VR(VOUT) VI(VOUT)
1.00000000000e+02 9.99917861227e-01 -9.06267215321e-03
1.25892541179e+02 9.99869825071e-01 -1.14086801720e-02
1.58489319246e+02 9.99793702349e-01 -1.43615839151e-02
1.99526231497e+02 9.99673079704e-01 -1.80779816172e-02
2.51188643151e+02 9.99481965303e-01 -2.27544794892e-02
3.16227766017e+02 9.99179219028e-01 -2.86375154380e-02
3.98107170553e+02 9.98699774024e-01 -3.60351965275e-02
5.01187233627e+02 9.97940846674e-01 -4.53311505902e-02
6.30957344480e+02 9.96740387738e-01 -5.69998876277e-02
7.94328234724e+02 9.94843693344e-01 -7.16220577587e-02
1.00000000000e+03 9.91852377007e-01 -8.98957130956e-02
1.25892541179e+03 9.87148133216e-01 -1.12635235626e-01
1.58489319246e+03 9.79783133391e-01 -1.40741411510e-01
1.99526231497e+03 9.68332880172e-01 -1.75112287832e-01
2.51188643151e+03 9.50723687446e-01 -2.16444352143e-01
3.16227766017e+03 9.24090134739e-01 -2.64853841991e-01
3.98107170553e+03 8.84805510282e-01 -3.19256510124e-01
5.01187233627e+03 8.28953544314e-01 -3.76549552759e-01
6.30957344480e+03 7.53564051983e-01 -4.30935344967e-01
7.94328234724e+03 6.58629977701e-01 -4.74169305390e-01
1.00000000000e+04 5.49011579499e-01 -4.97592066933e-01
1.25892541179e+04 4.34420195543e-01 -4.95680632310e-01
1.58489319246e+04 3.26434447297e-01 -4.68908305445e-01
1.99526231497e+04 2.34177115911e-01 -4.23483404981e-01
2.51188643151e+04 1.61732950238e-01 -3.68205653196e-01
3.16227766017e+04 1.08523994738e-01 -3.11041054049e-01
3.98107170553e+04 7.13308092446e-02 -2.57376620728e-01
5.01187233627e+04 4.62234902818e-02 -2.09968757743e-01
6.30957344480e+04 2.96711949681e-02 -1.69678564224e-01
7.94328234724e+04 1.89285245278e-02 -1.36272651280e-01
1.00000000000e+05 1.20271061144e-02 -1.09006673341e-01
1.25892541179e+05 7.62242317670e-03 -8.69731098766e-02
1.58489319246e+05 4.82299095621e-03 -6.92800816573e-02
1.99526231497e+05 3.04852760813e-03 -5.51292489297e-02
2.51188643151e+05 1.92565731940e-03 -4.38400406397e-02
3.16227766017e+05 1.21587168747e-03 -3.48481469164e-02
3.98107170553e+05 7.67507558331e-04 -2.76932932400e-02
5.01187233627e+05 4.84401734287e-04 -2.20037971552e-02
6.30957344480e+05 3.05691478834e-04 -1.74813624055e-02
7.94328234724e+05 1.92900045386e-04 -1.38875064341e-02
1.00000000000e+06 1.21720365458e-04 -1.10320238221e-02
1.25892541179e+06 7.68038085863e-05 -8.76344166189e-03
1.58489319246e+06 4.84613006929e-05 -6.96124645414e-03
1.99526231497e+06 3.05775604531e-05 -5.52961350059e-03
2.51188643151e+06 1.92933540586e-05 -4.39237769609e-03
3.16227766017e+06 1.21733701182e-05 -3.48901446360e-03
3.98107170553e+06 7.68091178958e-06 -2.77143515045e-03
5.01187233627e+06 4.84634144330e-06 -2.20143543087e-03
6.30957344480e+06 3.05784019648e-06 -1.74866544716e-03
7.94328234724e+06 1.92936890746e-06 -1.38901590523e-03
1.00000000000e+07 1.21735034915e-06 -1.10333533760e-03
1.25892541179e+07 7.68096488671e-07 -8.76410804759e-04
1.58489319246e+07 4.84636258172e-07 -6.96158044771e-04
1.99526231497e+07 3.05784861185e-07 -5.52978089693e-04
2.51188643151e+07 1.92937225768e-07 -4.39246159395e-04
3.16227766017e+07 1.21735168290e-07 -3.48905651244e-04
3.98107170553e+07 7.68097019647e-08 -2.77145622489e-04
5.01187233627e+07 4.84636469557e-08 -2.20144599314e-04
6.30957344480e+07 3.05784945339e-08 -1.74867074084e-04
7.94328234724e+07 1.92937259270e-08 -1.38901855836e-04
1.00000000000e+08 1.21735181627e-08 -1.10333666732e-04
1.25892541179e+08 7.68097072744e-09 -8.76411471196e-05
1.58489319246e+08 4.84636490696e-09 -6.96158378781e-05
1.99526231497e+08 3.05784953754e-09 -5.52978257095e-05
2.51188643151e+08 1.92937262621e-09 -4.39246243294e-05
3.16227766017e+08 1.21735182961e-09 -3.48905693294e-05
3.98107170553e+08 7.68097078054e-10 -2.77145643564e-05
5.01187233627e+08 4.84636492809e-10 -2.20144609876e-05
6.30957344480e+08 3.05784954596e-10 -1.74867079378e-05
7.94328234724e+08 1.92937262956e-10 -1.38901858489e-05
1.00000000000e+09 1.21735183094e-10 -1.10333668062e-05
# PARAM X1 = 6.586047e+03
# PARAM X2 = 4.329700e-09
# TEMPERATURE = 2.700000e+01
# FREQ VR(VOUT) VI(VOUT)
1.00000000000e+02 9.99679088210e-01 -1.79111363526e-02
1.25892541179e+02 9.99491484537e-01 -2.25445531156e-02
1.58489319246e+02 9.99194296942e-01 -2.83734717716e-02
1.99526231497e+02 9.98723648190e-01 -3.57032594647e-02
2.51188643151e+02 9.97978627719e-01 -4.49142108413e-02
3.16227766017e+02 9.96800124003e-01 -5.64768695165e-02
3.98107170553e+02 9.94938012260e-01 -7.09673447462e-02
5.01187233627e+02 9.92000972987e-01 -8.90788559649e-02
6.30957344480e+02 9.87381433469e-01 -1.11621406146e-01
7.94328234724e+02 9.80147441882e-01 -1.39493491081e-01
1.00000000000e+03 9.68896972512e-01 -1.73596166919e-01
1.25892541179e+03 9.51585772627e-01 -2.14639907662e-01
1.58489319246e+03 9.25381601160e-01 -2.62774605688e-01
1.99526231497e+03 8.86683375029e-01 -3.16979443303e-01
2.51188643151e+03 8.31568571357e-01 -3.74248957899e-01
3.16227766017e+03 7.56993785769e-01 -4.28898815662e-01
3.98107170553e+03 6.62789708008e-01 -4.72757348929e-01
5.01187233627e+03 5.53601729386e-01 -4.97118551864e-01
6.30957344480e+03 4.38984845291e-01 -4.96263187125e-01
7.94328234724e+03 3.30527539779e-01 -4.70403109287e-01
1.00000000000e+04 2.37521337200e-01 -4.25564274317e-01
1.25892541179e+04 1.64264521792e-01 -3.70515436483e-01
1.58489319246e+04 1.10332319565e-01 -3.13303525075e-01
1.99526231497e+04 7.25698375463e-02 -2.59429096720e-01
2.51188643151e+04 4.70484949293e-02 -2.11742612750e-01
3.16227766017e+04 3.02101289152e-02 -1.71165057842e-01
3.98107170553e+04 1.92762098299e-02 -1.37494136473e-01
5.01187233627e+04 1.22496067282e-02 -1.09997972087e-01
6.30957344480e+04 7.76407783510e-03 -8.77712762268e-02
7.94328234724e+04 4.91287868608e-03 -6.99195416826e-02
1.00000000000e+05 3.10544725731e-03 -5.56399447757e-02
1.25892541179e+05 1.96165289248e-03 -4.42470881575e-02
1.58489319246e+05 1.23861597555e-03 -3.51721737459e-02
1.99526231497e+05 7.81871241771e-04 -2.79510271570e-02
2.51188643151e+05 4.93469790101e-04 -2.22086982434e-02
3.16227766017e+05 3.11415100584e-04 -1.76442092829e-02
3.98107170553e+05 1.96512229153e-04 -1.40169045119e-02
5.01187233627e+05 1.23999826905e-04 -1.11348305307e-02
6.30957344480e+05 7.82421819578e-05 -8.84511504271e-03
7.94328234724e+05 4.93689048669e-05 -7.02612749515e-03
1.00000000000e+06 3.11502406482e-05 -5.58115313449e-03
1.25892541179e+06 1.96546990651e-05 -4.43331848145e-03
1.58489319246e+06 1.24013666810e-05 -3.52153558652e-03
1.99526231497e+06 7.82476920010e-06 -2.79726794803e-03
2.51188643151e+06 4.93710985243e-06 -2.22195532749e-03
3.16227766017e+06 3.11511139764e-06 -1.76496506870e-03
3.98107170553e+06 1.96550467478e-06 -1.40196319908e-03
5.01187233627e+06 1.24015050971e-06 -1.11361976084e-03
6.30957344480e+06 7.82482430480e-07 -8.84580023628e-04
7.94328234724e+06 4.93713179007e-07 -7.02647091543e-04
1.00000000000e+07 3.11512013119e-07 -5.58132525552e-04
1.25892541179e+07 1.96550815167e-07 -4.43340474731e-04
1.58489319246e+07 1.24015189389e-07 -3.52157882219e-04
1.99526231497e+07 7.82482981531e-08 -2.79728961730e-04
2.51188643151e+07 4.93713398385e-08 -2.22196618788e-04
3.16227766017e+07 3.11512100455e-08 -1.76497051180e-04
3.98107170553e+07 1.96550849936e-08 -1.40196592709e-04
5.01187233627e+07 1.24015203231e-08 -1.11362112809e-04
6.30957344480e+07 7.82483036636e-09 -8.84580708875e-05
7.94328234724e+07 4.93713420322e-09 -7.02647434981e-05
1.00000000000e+08 3.11512109188e-09 -5.58132697679e-05
1.25892541179e+08 1.96550853413e-09 -4.43340560999e-05
1.58489319246e+08 1.24015204615e-09 -3.52157925455e-05
1.99526231497e+08 7.82483042147e-10 -2.79728983399e-05
2.51188643151e+08 4.93713422516e-10 -2.22196629649e-05
3.16227766017e+08 3.11512110062e-10 -1.76497056623e-05
3.98107170553e+08 1.96550853761e-10 -1.40196595437e-05
5.01187233627e+08 1.24015204753e-10 -1.11362114176e-05
6.30957344480e+08 7.82483042698e-11 -8.84580715727e-06
7.94328234724e+08 4.93713422736e-11 -7.02647438415e-06
1.00000000000e+09 3.11512110149e-11 -5.58132699400e-06
