# PARAM W1 = 3.500000e-05
# PARAM W2 = 3.500000e-05
# PARAM W3 = 3.500000e-05
# PARAM L1 = 1.800000e-05
# PARAM L2 = 1.800000e-05
# PARAM L3 = 1.800000e-05
# TEMPERATURE = 2.500000e+01
# FREQ VR(VOUT) VI(VOUT)
1.00000000000e+02 -9.32309073754e+01 1.63721165028e+00
1.25892541179e+02 -9.32141774761e+01 2.06075922394e+00
1.58489319246e+02 -9.31876746104e+01 2.59360797859e+00
1.99526231497e+02 -9.31457011106e+01 3.26369518488e+00
2.51188643151e+02 -9.30792546298e+01 4.10583150166e+00
3.16227766017e+02 -9.29741371122e+01 5.16312549523e+00
3.98107170553e+02 -9.28080202630e+01 6.48843079659e+00
5.01187233627e+02 -9.25459495940e+01 8.14549270030e+00
6.30957344480e+02 -9.21335996295e+01 1.02090923865e+01
7.94328234724e+02 -9.14875079639e+01 1.27627833672e+01
1.00000000000e+03 -9.04817927715e+01 1.58916059012e+01
1.25892541179e+03 -8.89321493472e+01 1.96653561760e+01
1.58489319246e+03 -8.65814863779e+01 2.41060372201e+01
1.99526231497e+03 -8.30990913117e+01 2.91332285175e+01
2.51188643151e+03 -7.81167308300e+01 3.44890748490e+01
3.16227766017e+03 -7.13324546856e+01 3.96693232337e+01
3.98107170553e+03 -6.26914126401e+01 4.39279230750e+01
5.01187233627e+03 -5.25753655018e+01 4.64401928568e+01
6.30957344480e+03 -4.18383312618e+01 4.66235628559e+01
7.94328234724e+03 -3.15651641026e+01 4.44324512677e+01
1.00000000000e+04 -2.26665254872e+01 4.03834080735e+01
1.25892541179e+04 -1.55988143562e+01 3.52875366654e+01
1.58489319246e+04 -1.03621305364e+01 2.99176191349e+01
1.99526231497e+04 -6.67852281649e+00 2.48173350708e+01
2.51188643151e+04 -4.18108617329e+00 2.02777697431e+01
3.16227766017e+04 -2.52990654013e+00 1.64006895358e+01
3.98107170553e+04 -1.45638077750e+00 1.31752074171e+01
5.01187233627e+04 -7.66130461350e-01 1.05359390207e+01
6.30957344480e+04 -3.25673496000e-01 8.39851976735e+00
7.94328234724e+04 -4.62771262809e-02 6.67825558484e+00
1.00000000000e+05 1.29806796007e-01 5.29848973808e+00
1.25892541179e+05 2.39575824688e-01 4.19342402442e+00
1.58489319246e+05 3.06367487625e-01 3.30825396560e+00
1.99526231497e+05 3.44573982736e-01 2.59818713212e+00
2.51188643151e+05 3.62709078979e-01 2.02715493336e+00
3.16227766017e+05 3.65422086060e-01 1.56661125266e+00
3.98107170553e+05 3.54943374938e-01 1.19456393728e+00
5.01187233627e+05 3.32355257711e-01 8.94774628664e-01
6.30957344480e+05 2.98905045462e-01 6.55834284963e-01
7.94328234724e+05 2.57182080240e-01 4.69716589734e-01
1.00000000000e+06 2.11518445723e-01 3.29767176961e-01
1.25892541179e+06 1.67092059953e-01 2.28890493023e-01
1.58489319246e+06 1.28223534070e-01 1.59001740380e-01
1.99526231497e+06 9.71558820699e-02 1.11870114906e-01
2.51188643151e+06 7.40414034953e-02 8.03519793463e-02
3.16227766017e+06 5.77377292973e-02 5.90636929749e-02
3.98107170553e+06 4.66639750382e-02 4.43481291960e-02
5.01187233627e+06 3.93333626715e-02 3.38768869722e-02
6.30957344480e+06 3.45626551061e-02 2.62112663247e-02
7.94328234724e+06 3.14921925899e-02 2.04632469643e-02
1.00000000000e+07 2.95301058116e-02 1.60731298247e-02
1.25892541179e+07 2.82820296978e-02 1.26756043132e-02
1.58489319246e+07 2.74904603354e-02 1.00223382727e-02
1.99526231497e+07 2.69893643056e-02 7.93775371927e-03
2.51188643151e+07 2.66725306175e-02 6.29348783352e-03
3.16227766017e+07 2.64723560046e-02 4.99322433833e-03
3.98107170553e+07 2.63459479046e-02 3.96331356084e-03
5.01187233627e+07 2.62661472616e-02 3.14669459380e-03
6.30957344480e+07 2.62157794936e-02 2.49876764845e-03
7.94328234724e+07 2.61839928164e-02 1.98447035614e-03
1.00000000000e+08 2.61639340837e-02 1.57613469207e-03
1.25892541179e+08 2.61512768055e-02 1.25187498522e-03
1.58489319246e+08 2.61432901752e-02 9.94352882210e-04
1.99526231497e+08 2.61382507819e-02 7.89819130978e-04
2.51188643151e+08 2.61350710719e-02 6.27363888955e-04
3.16227766017e+08 2.61330647836e-02 4.98326963211e-04
3.98107170553e+08 2.61317988905e-02 3.95832226735e-04
5.01187233627e+08 2.61310001616e-02 3.14419235633e-04
6.30957344480e+08 2.61304961961e-02 2.49751335879e-04
7.94328234724e+08 2.61301782147e-02 1.98384166977e-04
1.00000000000e+09 2.61299775817e-02 1.57581959697e-04
# PARAM W1 = 1.496900e-05
# PARAM W2 = 9.921100e-06
# PARAM W3 = 5.319500e-06
# PARAM L1 = 1.800000e-05
# PARAM L2 = 1.800000e-05
# PARAM L3 = 1.800000e-05
# TEMPERATURE = 2.500000e+01
# FREQ VR(VOUT) VI(VOUT)
1.00000000000e+02 -8.88490216986e+01 6.79126227212e+00
1.25892541179e+02 -8.85486546852e+01 8.52083464449e+00
1.58489319246e+02 -8.80767364034e+01 1.06700156597e+01
1.99526231497e+02 -8.73389977291e+01 1.33204184371e+01
2.51188643151e+02 -8.61947053564e+01 1.65500564272e+01
3.16227766017e+02 -8.44412000225e+01 2.04121103664e+01
3.98107170553e+02 -8.18034361169e+01 2.48959230349e+01
5.01187233627e+02 -7.79439967353e+01 2.98659332466e+01
6.30957344480e+02 -7.25201603488e+01 3.49872974848e+01
7.94328234724e+02 -6.53143423722e+01 3.96782485913e+01
1.00000000000e+03 -5.64238407363e+01 4.31671022640e+01
1.25892541179e+03 -4.64041635711e+01 4.47176729772e+01
1.58489319246e+03 -3.62014042269e+01 4.39557409394e+01
1.99526231497e+03 -2.68311141261e+01 4.10688631844e+01
2.51188643151e+03 -1.90067489604e+01 3.67035998124e+01
3.16227766017e+03 -1.29761458040e+01 3.16533406363e+01
3.98107170553e+03 -8.60877784164e+00 2.65803178399e+01
5.01187233627e+03 -5.58659682521e+00 2.19032420941e+01
6.30957344480e+03 -3.56053334509e+00 1.78186257119e+01
7.94328234724e+03 -2.23097691564e+00 1.43725325908e+01
1.00000000000e+04 -1.37068182131e+00 1.15284410983e+01
1.25892541179e+04 -8.19089090481e-01 9.21377698565e+00
1.58489319246e+04 -4.67504745547e-01 7.34657090835e+00
1.99526231497e+04 -2.44260627192e-01 5.84866414224e+00
2.51188643151e+04 -1.02874151548e-01 4.65114040888e+00
3.16227766017e+04 -1.35117041001e-02 3.69572849067e+00
3.98107170553e+04 4.28418079110e-02 2.93432870426e+00
5.01187233627e+04 7.82417158335e-02 2.32779879224e+00
6.30957344480e+04 1.00287785656e-01 1.84455651790e+00
7.94328234724e+04 1.13727178701e-01 1.45925037353e+00
1.00000000000e+05 1.21468435289e-01 1.15159722726e+00
1.25892541179e+05 1.25215138976e-01 9.05414845929e-01
1.58489319246e+05 1.25859161593e-01 7.07847992808e-01
1.99526231497e+05 1.23733716073e-01 5.48776131090e-01
2.51188643151e+05 1.18809880877e-01 4.20381566075e-01
3.16227766017e+05 1.10914715359e-01 3.16831822881e-01
3.98107170553e+05 1.00023504798e-01 2.33979430837e-01
5.01187233627e+05 8.65862948171e-02 1.68939293644e-01
6.30957344480e+05 7.17004794323e-02 1.19472620019e-01
7.94328234724e+05 5.69093475826e-02 8.33449973572e-02
1.00000000000e+06 4.36705836034e-02 5.80107608697e-02
1.25892541179e+06 3.28700443828e-02 4.07785110942e-02
1.58489319246e+06 2.47012323947e-02 2.92093426911e-02
1.99526231497e+06 1.88686145225e-02 2.13977224621e-02
2.51188643151e+06 1.48728089964e-02 1.60151600361e-02
3.16227766017e+06 1.22122075447e-02 1.22019828929e-02
3.98107170553e+06 1.04740128057e-02 9.42273715521e-03
5.01187233627e+06 9.35246638041e-03 7.34641877291e-03
6.30957344480e+06 8.63458878841e-03 5.76505113208e-03
7.94328234724e+06 8.17745118716e-03 4.54367546454e-03
1.00000000000e+07 7.88731016806e-03 3.59116384154e-03
1.25892541179e+07 7.70355066813e-03 2.84349398917e-03
1.58489319246e+07 7.58732609596e-03 2.25410731863e-03
1.99526231497e+07 7.51388050895e-03 1.78821054801e-03
2.51188643151e+07 7.46749418189e-03 1.41927649953e-03
3.16227766017e+07 7.43820825410e-03 1.12679468647e-03
3.98107170553e+07 7.41972283646e-03 8.94755624017e-04
5.01187233627e+07 7.40805643453e-03 7.10584652500e-04
6.30957344480e+07 7.40069427944e-03 5.64364761851e-04
7.94328234724e+07 7.39604861409e-03 4.48254427947e-04
1.00000000000e+08 7.39311721437e-03 3.56042885047e-04
1.25892541179e+08 7.39126755328e-03 2.82805762557e-04
1.58489319246e+08 7.39010046700e-03 2.24636014328e-04
1.99526231497e+08 7.38936407379e-03 1.78432429440e-04
2.51188643151e+08 7.38889943648e-03 1.41732764443e-04
3.16227766017e+08 7.38860626832e-03 1.12581759216e-04
3.98107170553e+08 7.38842129099e-03 8.94265808236e-05
5.01187233627e+08 7.38830457790e-03 7.10339132539e-05
6.30957344480e+08 7.38823093680e-03 5.64241704672e-05
7.94328234724e+08 7.38818447236e-03 4.48192755436e-05
1.00000000000e+09 7.38815515527e-03 3.56011980248e-05
# PARAM W1 = 3.500000e-07
# PARAM W2 = 3.500000e-07
# PARAM W3 = 3.500000e-07
# PARAM L1 = 1.800000e-05
# PARAM L2 = 1.800000e-05
# PARAM L3 = 1.800000e-05
# TEMPERATURE = 2.500000e+01
# FREQ VR(VOUT) VI(VOUT)
1.00000000000e+02 -2.29237234341e+01 3.98425038811e+01
1.25892541179e+02 -1.59247526547e+01 3.48473075716e+01
1.58489319246e+02 -1.07310111683e+01 2.95660132592e+01
1.99526231497e+02 -7.07349977239e+00 2.45400011700e+01
2.51188643151e+02 -4.59177558873e+00 2.00613695987e+01
3.16227766017e+02 -2.95002772331e+00 1.62340734294e+01
3.98107170553e+02 -1.88210091488e+00 1.30495511837e+01
5.01187233627e+02 -1.19502875386e+00 1.04445159544e+01
6.30957344480e+02 -7.56108476083e-01 8.33640464456e+00
7.94328234724e+02 -4.76982413633e-01 6.64206211165e+00
1.00000000000e+03 -2.99986913970e-01 5.28616139010e+00
1.25892541179e+03 -1.87958249160e-01 4.20406622090e+00
1.58489319246e+03 -1.17132236654e-01 3.34197770482e+00
1.99526231497e+03 -7.23878928612e-02 2.65591467347e+00
2.51188643151e+03 -4.41337360458e-02 2.11031143848e+00
3.16227766017e+03 -2.62976553884e-02 1.67659966673e+00
3.98107170553e+03 -1.50403103976e-02 1.33192704780e+00
5.01187233627e+03 -7.93601486654e-03 1.05806111422e+00
6.30957344480e+03 -3.45298265343e-03 8.40478988279e-01
7.94328234724e+03 -6.24217800702e-04 6.67624452990e-01
1.00000000000e+04 1.16060374623e-03 5.30307826638e-01
1.25892541179e+04 2.28663064088e-03 4.21224244607e-01
1.58489319246e+04 2.99687421794e-03 3.34568492675e-01
1.99526231497e+04 3.44462425111e-03 2.65727785979e-01
2.51188643151e+04 3.72652145484e-03 2.11037089264e-01
3.16227766017e+04 3.90341163894e-03 1.67584428524e-01
3.98107170553e+04 4.01347762201e-03 1.33056068424e-01
5.01187233627e+04 4.08048189325e-03 1.05613434962e-01
6.30957344480e+04 4.11889998237e-03 8.37952970822e-02
7.94328234724e+04 4.13705632730e-03 6.64400432100e-02
1.00000000000e+05 4.13894944513e-03 5.26239573125e-02
1.25892541179e+05 4.12518470596e-03 4.16122681993e-02
1.58489319246e+05 4.09327388186e-03 3.28204639384e-02
1.99526231497e+05 4.03749868427e-03 2.57839699388e-02
2.51188643151e+05 3.94859585692e-03 2.01347998424e-02
3.16227766017e+05 3.81376057380e-03 1.55841519986e-02
3.98107170553e+05 3.61790272582e-03 1.19099484913e-02
5.01187233627e+05 3.34747528959e-03 8.94764449741e-03
6.30957344480e+05 2.99762274204e-03 6.58114434895e-03
7.94328234724e+05 2.58058473350e-03 4.72962242579e-03
1.00000000000e+06 2.12906091099e-03 3.32873282743e-03
1.25892541179e+06 1.68828515934e-03 2.31215964587e-03
1.58489319246e+06 1.29938061191e-03 1.60397854285e-03
1.99526231497e+06 9.85679932033e-04 1.12502679625e-03
2.51188643151e+06 7.50441286436e-04 8.04844165044e-04
3.16227766017e+06 5.83508942096e-04 5.89245772776e-04
3.98107170553e+06 4.69629518590e-04 4.40912467418e-04
5.01187233627e+06 3.94014164043e-04 3.35901503003e-04
6.30957344480e+06 3.44700945772e-04 2.59383910144e-04
7.94328234724e+06 3.12916016542e-04 2.02223776407e-04
1.00000000000e+07 2.92583528346e-04 1.58690745415e-04
1.25892541179e+07 2.79640314606e-04 1.25068705618e-04
1.58489319246e+07 2.71426856295e-04 9.88486860872e-05
1.99526231497e+07 2.66225411139e-04 7.82679245339e-05
2.51188643151e+07 2.62935772633e-04 6.20444851493e-05
3.16227766017e+07 2.60857024028e-04 4.92204181765e-05
3.98107170553e+07 2.59544165576e-04 3.90654095282e-05
5.01187233627e+07 2.58715304365e-04 3.10148250018e-05
6.30957344480e+07 2.58192126995e-04 2.46279607796e-05
7.94328234724e+07 2.57861944033e-04 1.95586782896e-05
1.00000000000e+08 2.57653580620e-04 1.55340019668e-05
1.25892541179e+08 2.57522099422e-04 1.23380895986e-05
1.58489319246e+08 2.57439135307e-04 9.79998830592e-06
1.99526231497e+08 2.57386786462e-04 7.78415448696e-06
2.51188643151e+08 2.57353755767e-04 6.18304692840e-06
3.16227766017e+08 2.57332914486e-04 4.91130522134e-06
3.98107170553e+08 2.57319764399e-04 3.90115656912e-06
5.01187233627e+08 2.57311467204e-04 3.09878285786e-06
6.30957344480e+08 2.57306232007e-04 2.46144272542e-06
7.94328234724e+08 2.57302928814e-04 1.95518945318e-06
1.00000000000e+09 2.57300844636e-04 1.55306018492e-06
# PARAM W1 = 3.500000e-07
# PARAM W2 = 3.500000e-07
# PARAM W3 = 3.500000e-07
# PARAM L1 = 1.800000e-05
# PARAM L2 = 1.800000e-05
# PARAM L3 = 1.800000e-05
# TEMPERATURE = 2.500000e+01
# FREQ VR(VOUT) VI(VOUT)
1.00000000000e+02 -2.29237234458e+01 3.98425038686e+01
1.25892541179e+02 -1.59247526648e+01 3.48473075650e+01
1.58489319246e+02 -1.07310111761e+01 2.95660132564e+01
1.99526231497e+02 -7.07349977802e+00 2.45400011693e+01
2.51188643151e+02 -4.59177559259e+00 2.00613695989e+01
3.16227766017e+02 -2.95002772588e+00 1.62340734301e+01
3.98107170553e+02 -1.88210091656e+00 1.30495511845e+01
5.01187233627e+02 -1.19502875494e+00 1.04445159552e+01
6.30957344480e+02 -7.56108476777e-01 8.33640464525e+00
7.94328234724e+02 -4.76982414076e-01 6.64206211223e+00
1.00000000000e+03 -2.99986914252e-01 5.28616139059e+00
1.25892541179e+03 -1.87958249340e-01 4.20406622129e+00
1.58489319246e+03 -1.17132236769e-01 3.34197770513e+00
1.99526231497e+03 -7.23878929350e-02 2.65591467372e+00
2.51188643151e+03 -4.41337360937e-02 2.11031143868e+00
3.16227766017e+03 -2.62976554198e-02 1.67659966689e+00
3.98107170553e+03 -1.50403104187e-02 1.33192704793e+00
5.01187233627e+03 -7.93601488108e-03 1.05806111432e+00
6.30957344480e+03 -3.45298266384e-03 8.40478988360e-01
7.94328234724e+03 -6.24217808501e-04 6.67624453055e-01
1.00000000000e+04 1.16060374008e-03 5.30307826689e-01
1.25892541179e+04 2.28663063576e-03 4.21224244648e-01
1.58489319246e+04 2.99687421348e-03 3.34568492707e-01
1.99526231497e+04 3.44462424707e-03 2.65727786005e-01
2.51188643151e+04 3.72652145107e-03 2.11037089284e-01
3.16227766017e+04 3.90341163533e-03 1.67584428540e-01
3.98107170553e+04 4.01347761851e-03 1.33056068437e-01
5.01187233627e+04 4.08048188983e-03 1.05613434973e-01
6.30957344480e+04 4.11889997901e-03 8.37952970908e-02
7.94328234724e+04 4.13705632400e-03 6.64400432171e-02
1.00000000000e+05 4.13894944189e-03 5.26239573184e-02
1.25892541179e+05 4.12518470280e-03 4.16122682044e-02
1.58489319246e+05 4.09327387882e-03 3.28204639428e-02
1.99526231497e+05 4.03749868140e-03 2.57839699428e-02
2.51188643151e+05 3.94859585430e-03 2.01347998462e-02
3.16227766017e+05 3.81376057154e-03 1.55841520022e-02
3.98107170553e+05 3.61790272403e-03 1.19099484949e-02
5.01187233627e+05 3.34747528839e-03 8.94764450078e-03
6.30957344480e+05 2.99762274148e-03 6.58114435204e-03
7.94328234724e+05 2.58058473355e-03 4.72962242843e-03
1.00000000000e+06 2.12906091147e-03 3.32873282950e-03
1.25892541179e+06 1.68828516004e-03 2.31215964734e-03
1.58489319246e+06 1.29938061264e-03 1.60397854378e-03
1.99526231497e+06 9.85679932663e-04 1.12502679679e-03
2.51188643151e+06 7.50441286924e-04 8.04844165325e-04
3.16227766017e+06 5.83508942448e-04 5.89245772905e-04
3.98107170553e+06 4.69629518832e-04 4.40912467467e-04
5.01187233627e+06 3.94014164204e-04 3.35901503011e-04
6.30957344480e+06 3.44700945878e-04 2.59383910134e-04
7.94328234724e+06 3.12916016611e-04 2.02223776390e-04
1.00000000000e+07 2.92583528390e-04 1.58690745398e-04
1.25892541179e+07 2.79640314634e-04 1.25068705602e-04
1.58489319246e+07 2.71426856313e-04 9.88486860735e-05
1.99526231497e+07 2.66225411150e-04 7.82679245225e-05
2.51188643151e+07 2.62935772640e-04 6.20444851399e-05
3.16227766017e+07 2.60857024033e-04 4.92204181689e-05
3.98107170553e+07 2.59544165579e-04 3.90654095221e-05
5.01187233627e+07 2.58715304368e-04 3.10148249969e-05
6.30957344480e+07 2.58192126997e-04 2.46279607757e-05
7.94328234724e+07 2.57861944034e-04 1.95586782865e-05
1.00000000000e+08 2.57653580621e-04 1.55340019643e-05
1.25892541179e+08 2.57522099423e-04 1.23380895966e-05
1.58489319246e+08 2.57439135307e-04 9.79998830435e-06
1.99526231497e+08 2.57386786463e-04 7.78415448572e-06
2.51188643151e+08 2.57353755768e-04 6.18304692741e-06
3.16227766017e+08 2.57332914487e-04 4.91130522055e-06
3.98107170553e+08 2.57319764399e-04 3.90115656849e-06
5.01187233627e+08 2.57311467204e-04 3.09878285736e-06
6.30957344480e+08 2.57306232008e-04 2.46144272502e-06
7.94328234724e+08 2.57302928814e-04 1.95518945287e-06
1.00000000000e+09 2.57300844637e-04 1.55306018468e-06
# PARAM W1 = 3.500000e-05
# PARAM W2 = 3.500000e-05
# PARAM W3 = 1.633300e-06
# PARAM L1 = 1.800000e-05
# PARAM L2 = 1.800000e-05
# PARAM L3 = 1.764400e-05
# TEMPERATURE = 2.500000e+01
# FREQ VR(VOUT) VI(VOUT)
1.00000000000e+02 -9.28663728590e+01 1.19210570230e+01
1.25892541179e+02 -9.19964162437e+01 1.48675259979e+01
1.58489319246e+02 -9.06504354230e+01 1.84440351880e+01
1.99526231497e+02 -8.85958293120e+01 2.26948988827e+01
2.51188643151e+02 -8.55231489024e+01 2.75831910081e+01
3.16227766017e+02 -8.10659548660e+01 3.29209230066e+01
3.98107170553e+02 -7.48783490980e+01 3.82917284598e+01
5.01187233627e+02 -6.67927480062e+01 4.30190364470e+01
6.30957344480e+02 -5.70230645095e+01 4.62670244018e+01
7.94328234724e+02 -4.62766274532e+01 4.73197209766e+01
1.00000000000e+03 -3.56109183408e+01 4.59190436778e+01
1.25892541179e+03 -2.60527405225e+01 4.24054100894e+01
1.58489319246e+03 -1.82397050068e+01 3.75342387150e+01
1.99526231497e+03 -1.23193558960e+01 3.21316596848e+01
2.51188643151e+03 -8.08579826669e+00 2.68386844428e+01
3.16227766017e+03 -5.18232831575e+00 2.20346760220e+01
3.98107170553e+03 -3.24768431343e+00 1.78807431308e+01
5.01187233627e+03 -1.98326050008e+00 1.43981818061e+01
6.30957344480e+03 -1.16729771141e+00 1.15352870021e+01
7.94328234724e+03 -6.45076079377e-01 9.21086585669e+00
1.00000000000e+04 -3.12670027271e-01 7.33827251198e+00
1.25892541179e+04 -1.01902306906e-01 5.83686708607e+00
1.58489319246e+04 3.12817350286e-02 4.63641679592e+00
1.99526231497e+04 1.15054587293e-01 3.67793006824e+00
2.51188643151e+04 1.67274503005e-01 2.91288432178e+00
3.16227766017e+04 1.99138607015e-01 2.30186579170e+00
3.98107170553e+04 2.17531501464e-01 1.81311696300e+00
5.01187233627e+04 2.26513372258e-01 1.42121712620e+00
6.30957344480e+04 2.28262820286e-01 1.10598976863e+00
7.94328234724e+04 2.23710348717e-01 8.51663436910e-01
1.00000000000e+05 2.13059497861e-01 6.46256575291e-01
1.25892541179e+05 1.96355519050e-01 4.81070501664e-01
1.58489319246e+05 1.74145211657e-01 3.50065885994e-01
1.99526231497e+05 1.48018993012e-01 2.48899292511e-01
2.51188643151e+05 1.20609099354e-01 1.73703814155e-01
3.16227766017e+05 9.48461761097e-02 1.20168479214e-01
3.98107170553e+05 7.29373707729e-02 8.34624352541e-02
5.01187233627e+05 5.58136885374e-02 5.88652874670e-02
6.30957344480e+05 4.32850509778e-02 4.24433856339e-02
7.94328234724e+05 3.45524680421e-02 3.13258700696e-02
1.00000000000e+06 2.86690442201e-02 2.36050209565e-02
1.25892541179e+06 2.47952209604e-02 1.80815922915e-02
1.58489319246e+06 2.22830084398e-02 1.40182248496e-02
1.99526231497e+06 2.06698334881e-02 1.09592985284e-02
2.51188643151e+06 1.96405382388e-02 8.61616747629e-03
3.16227766017e+06 1.89864650865e-02 6.79907389924e-03
3.98107170553e+06 1.85719096000e-02 5.37804169730e-03
5.01187233627e+06 1.83095959871e-02 4.26054237855e-03
6.30957344480e+06 1.81437886943e-02 3.37855084413e-03
7.94328234724e+06 1.80390521634e-02 2.68080899434e-03
1.00000000000e+07 1.79729203412e-02 2.12800312046e-03
1.25892541179e+07 1.79311750355e-02 1.68961133311e-03
1.58489319246e+07 1.79048279801e-02 1.34174420811e-03
1.99526231497e+07 1.78882011057e-02 1.06560395501e-03
2.51188643151e+07 1.78777090600e-02 8.46348406046e-04
3.16227766017e+07 1.78710885500e-02 6.72232873108e-04
3.98107170553e+07 1.78669111008e-02 5.33950715485e-04
5.01187233627e+07 1.78642752330e-02 4.24120684197e-04
6.30957344480e+07 1.78626120828e-02 3.36885298520e-04
7.94328234724e+07 1.78615626939e-02 2.67594630060e-04
1.00000000000e+08 1.78609005696e-02 2.12556529844e-04
1.25892541179e+08 1.78604827955e-02 1.68838931640e-04
1.58489319246e+08 1.78602191971e-02 1.34113169280e-04
1.99526231497e+08 1.78600528774e-02 1.06529696317e-04
2.51188643151e+08 1.78599479367e-02 8.46194554212e-05
3.16227766017e+08 1.78598817235e-02 6.72155778009e-05
3.98107170553e+08 1.78598399458e-02 5.33912091437e-05
5.01187233627e+08 1.78598135859e-02 4.24101341842e-05
6.30957344480e+08 1.78597969539e-02 3.36875620058e-05
7.94328234724e+08 1.78597864598e-02 2.67589795067e-05
1.00000000000e+09 1.78597798384e-02 2.12554122352e-05
# PARAM W1 = 3.500000e-05
# PARAM W2 = 3.428600e-05
# PARAM W3 = 1.696200e-05
# PARAM L1 = 1.800000e-05
# PARAM L2 = 1.580100e-05
# PARAM L3 = 1.735800e-05
# TEMPERATURE = 2.500000e+01
# FREQ VR(VOUT) VI(VOUT)
1.00000000000e+02 -9.85991544211e+01 2.33018748657e+00
1.25892541179e+02 -9.85671093646e+01 2.93258289820e+00
1.58489319246e+02 -9.85163638352e+01 3.69001052312e+00
1.99526231497e+02 -9.84360440763e+01 4.64167675931e+00
2.51188643151e+02 -9.83090126185e+01 5.83601594094e+00
3.16227766017e+02 -9.81083486869e+01 7.33217623397e+00
3.98107170553e+02 -9.77919832021e+01 9.20102467200e+00
5.01187233627e+02 -9.72947180548e+01 1.15247558778e+01
6.30957344480e+02 -9.65168380277e+01 1.43933093493e+01
7.94328234724e+02 -9.53090334337e+01 1.78943355546e+01
1.00000000000e+03 -9.34552478343e+01 2.20913952887e+01
1.25892541179e+03 -9.06598785318e+01 2.69832791188e+01
1.58489319246e+03 -8.65551473213e+01 3.24390274271e+01
1.99526231497e+03 -8.07568961058e+01 3.81158559757e+01
2.51188643151e+03 -7.29994844930e+01 4.33995763637e+01
3.16227766017e+03 -6.33422301345e+01 4.74503169607e+01
3.98107170553e+03 -5.23426087730e+01 4.94315448622e+01
5.01187233627e+03 -4.10138167160e+01 4.88693417359e+01
6.30957344480e+03 -3.04935100500e+01 4.59024166048e+01
7.94328234724e+03 -2.16225445292e+01 4.12057480365e+01
1.00000000000e+04 -1.47309665219e+01 3.56574292572e+01
1.25892541179e+04 -9.71026756625e+00 3.00158862985e+01
1.58489319246e+04 -6.22123881194e+00 2.47747567412e+01
1.99526231497e+04 -3.87545372259e+00 2.01748618885e+01
2.51188643151e+04 -2.33320402399e+00 1.62813042042e+01
3.16227766017e+04 -1.33417857267e+00 1.30605759810e+01
3.98107170553e+04 -6.93361456504e-01 1.04347776456e+01
5.01187233627e+04 -2.85084511999e-01 8.31320169384e+00
6.30957344480e+04 -2.63756981342e-02 6.60823430237e+00
7.94328234724e+04 1.36531852979e-01 5.24207119289e+00
1.00000000000e+05 2.37986589235e-01 4.14862736068e+00
1.25892541179e+05 2.99607504247e-01 3.27319558469e+00
1.58489319246e+05 3.34695561668e-01 2.57122484749e+00
1.99526231497e+05 3.51088269217e-01 2.00691413336e+00
2.51188643151e+05 3.53028416494e-01 1.55195258749e+00
3.16227766017e+05 3.42506423849e-01 1.18452126144e+00
3.98107170553e+05 3.20449824001e-01 8.88482053464e-01
5.01187233627e+05 2.87967841430e-01 6.52465705200e-01
6.30957344480e+05 2.47483030190e-01 4.68467086234e-01
7.94328234724e+05 2.03131768116e-01 3.29891038952e-01
1.00000000000e+06 1.59913230000e-01 2.29770173390e-01
1.25892541179e+06 1.22037440691e-01 1.60195271141e-01
1.58489319246e+06 9.17178451462e-02 1.13107589344e-01
1.99526231497e+06 6.91330209025e-02 8.14949042956e-02
2.51188643151e+06 5.31889468394e-02 6.00567397559e-02
3.16227766017e+06 4.23528094114e-02 4.51812774809e-02
3.98107170553e+06 3.51765528108e-02 3.45614518109e-02
5.01187233627e+06 3.05050526391e-02 2.67666348692e-02
6.30957344480e+06 2.74979276804e-02 2.09102681654e-02
7.94328234724e+06 2.55761051180e-02 1.64311755877e-02
1.00000000000e+07 2.43535540356e-02 1.29615002700e-02
1.25892541179e+07 2.35781367468e-02 1.02501807842e-02
1.58489319246e+07 2.30872499776e-02 8.11910974117e-03
1.99526231497e+07 2.27768647527e-02 6.43773142350e-03
2.51188643151e+07 2.25807614616e-02 5.10789490847e-03
3.16227766017e+07 2.24569231977e-02 4.05444661090e-03
3.98107170553e+07 2.23787444014e-02 3.21910767910e-03
5.01187233627e+07 2.23294001018e-02 2.55629919486e-03
6.30957344480e+07 2.22982592494e-02 2.03017519430e-03
7.94328234724e+07 2.22786080282e-02 1.61244229520e-03
1.00000000000e+08 2.22662078816e-02 1.28071662276e-03
1.25892541179e+08 2.22583834942e-02 1.01726335260e-03
1.58489319246e+08 2.22534464708e-02 8.08017937057e-04
1.99526231497e+08 2.22503313523e-02 6.41819901222e-04
2.51188643151e+08 2.22483658187e-02 5.09809875550e-04
3.16227766017e+08 2.22471256402e-02 4.04953475186e-04
3.98107170553e+08 2.22463431362e-02 3.21664524385e-04
5.01187233627e+08 2.22458494079e-02 2.55506485152e-04
6.30957344480e+08 2.22455378858e-02 2.02955650512e-04
7.94328234724e+08 2.22453413283e-02 1.61213221172e-04
1.00000000000e+09 2.22452173088e-02 1.28056122363e-04
# PARAM W1 = 1.970700e-05
# PARAM W2 = 3.500000e-05
# PARAM W3 = 3.500000e-05
# PARAM L1 = 1.800000e-05
# PARAM L2 = 1.800000e-07
# PARAM L3 = 1.800000e-07
# TEMPERATURE = 2.500000e+01
# FREQ VR(VOUT) VI(VOUT)
1.00000000000e+02 -2.64844738591e-03 1.57875733577e-09
1.25892541179e+02 -2.64844738591e-03 1.98754271494e-09
1.58489319246e+02 -2.64844738591e-03 2.50217301674e-09
1.99526231497e+02 -2.64844738591e-03 3.15005418136e-09
2.51188643151e+02 -2.64844738590e-03 3.96568824332e-09
3.16227766017e+02 -2.64844738590e-03 4.99251069064e-09
3.98107170553e+02 -2.64844738590e-03 6.28520356297e-09
5.01187233627e+02 -2.64844738589e-03 7.91260746958e-09
6.30957344480e+02 -2.64844738588e-03 9.96138760284e-09
7.94328234724e+02 -2.64844738586e-03 1.25406489757e-08
1.00000000000e+03 -2.64844738582e-03 1.57877466616e-08
1.25892541179e+03 -2.64844738577e-03 1.98756004528e-08
1.58489319246e+03 -2.64844738569e-03 2.50219034697e-08
1.99526231497e+03 -2.64844738556e-03 3.15007151138e-08
2.51188643151e+03 -2.64844738536e-03 3.96570557292e-08
3.16227766017e+03 -2.64844738504e-03 4.99252801941e-08
3.98107170553e+03 -2.64844738453e-03 6.28522089007e-08
5.01187233627e+03 -2.64844738372e-03 7.91262479334e-08
6.30957344480e+03 -2.64844738244e-03 9.96140491995e-08
7.94328234724e+03 -2.64844738041e-03 1.25406662796e-07
1.00000000000e+04 -2.64844737720e-03 1.57877639390e-07
1.25892541179e+04 -2.64844737211e-03 1.98756176773e-07
1.58489319246e+04 -2.64844736403e-03 2.50219205888e-07
1.99526231497e+04 -2.64844735124e-03 3.15007320226e-07
2.51188643151e+04 -2.64844733096e-03 3.96570722183e-07
3.16227766017e+04 -2.64844729881e-03 4.99252958457e-07
3.98107170553e+04 -2.64844724787e-03 6.28522228815e-07
5.01187233627e+04 -2.64844716713e-03 7.91262585804e-07
6.30957344480e+04 -2.64844703917e-03 9.96140531947e-07
7.94328234724e+04 -2.64844683637e-03 1.25406653519e-06
1.00000000000e+05 -2.64844651495e-03 1.57877603632e-06
1.25892541179e+05 -2.64844600553e-03 1.98756088178e-06
1.58489319246e+05 -2.64844519815e-03 2.50219011870e-06
1.99526231497e+05 -2.64844391854e-03 3.15006915860e-06
2.51188643151e+05 -2.64844189051e-03 3.96569898119e-06
3.16227766017e+05 -2.64843867630e-03 4.99251296988e-06
3.98107170553e+05 -2.64843358214e-03 6.28518896509e-06
5.01187233627e+05 -2.64842550850e-03 7.91255919759e-06
6.30957344480e+05 -2.64841271275e-03 9.96127214277e-06
7.94328234724e+05 -2.64839243317e-03 1.25403994597e-05
1.00000000000e+06 -2.64836029298e-03 1.57872296747e-05
1.25892541179e+06 -2.64830935617e-03 1.98745498099e-05
1.58489319246e+06 -2.64822863166e-03 2.50197881024e-05
1.99526231497e+06 -2.64810070424e-03 3.14964755288e-05
2.51188643151e+06 -2.64789798386e-03 3.96485783639e-05
3.16227766017e+06 -2.64757677132e-03 4.99083492135e-05
3.98107170553e+06 -2.64706787865e-03 6.28184166452e-05
5.01187233627e+06 -2.64626182719e-03 7.90588316694e-05
6.30957344480e+06 -2.64498554860e-03 9.94796031435e-05
7.94328234724e+06 -2.64296585851e-03 1.25138660677e-04
1.00000000000e+07 -2.63977256377e-03 1.57343744034e-04
1.25892541179e+07 -2.63473076656e-03 1.97693598712e-04
1.58489319246e+07 -2.62678796209e-03 2.48107551469e-04
1.99526231497e+07 -2.61431820038e-03 3.10820542427e-04
2.51188643151e+07 -2.59484699793e-03 3.88299499034e-04
3.16227766017e+07 -2.56469698605e-03 4.83003693155e-04
3.98107170553e+07 -2.51860599585e-03 5.96871007034e-04
5.01187233627e+07 -2.44948650431e-03 7.30394085726e-04
6.30957344480e+07 -2.34868931012e-03 8.81241863272e-04
7.94328234724e+07 -2.20730044375e-03 1.04272821452e-03
1.00000000000e+08 -2.01877926697e-03 1.20306205996e-03
1.25892541179e+08 -1.78219321678e-03 1.34668854614e-03
1.58489319246e+08 -1.50392690145e-03 1.45796049726e-03
1.99526231497e+08 -1.19624378127e-03 1.52492648454e-03
2.51188643151e+08 -8.74303677558e-04 1.54052016657e-03
3.16227766017e+08 -5.54794452416e-04 1.50199087248e-03
3.98107170553e+08 -2.55740596654e-04 1.41179460625e-03
5.01187233627e+08 5.94705885089e-06 1.27961853829e-03
6.30957344480e+08 2.19237333080e-04 1.12161326947e-03
7.94328234724e+08 3.81914888667e-04 9.55746640824e-04
1.00000000000e+09 4.99284456357e-04 7.96718821367e-04
# PARAM W1 = 3.500000e-07
# PARAM W2 = 3.500000e-05
# PARAM W3 = 3.500000e-07
# PARAM L1 = 1.800000e-05
# PARAM L2 = 1.800000e-05
# PARAM L3 = 1.800000e-05
# TEMPERATURE = 2.500000e+01
# FREQ VR(VOUT) VI(VOUT)
1.00000000000e+02 -8.57536979172e+01 8.25073138204e+01
1.25892541179e+02 -6.69328259760e+01 8.10816374314e+01
1.58489319246e+02 -4.96557702036e+01 7.57394996617e+01
1.99526231497e+02 -3.52351007629e+01 6.76765449182e+01
2.51188643151e+02 -2.41241360589e+01 5.83564344070e+01
3.16227766017e+02 -1.60795842797e+01 4.89991126571e+01
3.98107170553e+02 -1.05138136280e+01 4.03749622764e+01
5.01187233627e+02 -6.78298259356e+00 3.28449324032e+01
6.30957344480e+02 -4.33490214547e+00 2.64930554622e+01
7.94328234724e+02 -2.75093099186e+00 2.12515035414e+01
1.00000000000e+03 -1.73535322907e+00 1.69862495319e+01
1.25892541179e+03 -1.08800384508e+00 1.35461065225e+01
1.58489319246e+03 -6.76907805074e-01 1.07870055829e+01
1.99526231497e+03 -4.16461793852e-01 8.58197218044e+00
2.51188643151e+03 -2.51706589252e-01 6.82369389389e+00
3.16227766017e+03 -1.47583457961e-01 5.42364034010e+00
3.98107170553e+03 -8.18186448985e-02 4.30982310249e+00
5.01187233627e+03 -4.02970933856e-02 3.42421876367e+00
6.30957344480e+03 -1.40883737072e-02 2.72031404214e+00
7.94328234724e+03 2.45192161423e-03 2.16094876690e+00
1.00000000000e+04 1.28889420604e-02 1.71649786353e+00
1.25892541179e+04 1.94735004342e-02 1.36337452309e+00
1.58489319246e+04 2.36260721580e-02 1.08281467856e+00
1.99526231497e+04 2.62426734997e-02 8.59898104105e-01
2.51188643151e+04 2.78879773682e-02 6.82764083771e-01
3.16227766017e+04 2.89170873169e-02 5.41984947959e-01
3.98107170553e+04 2.95521537149e-02 4.30066675828e-01
5.01187233627e+04 2.99303391393e-02 3.41051286313e-01
6.30957344480e+04 3.01334974281e-02 2.70200568641e-01
7.94328234724e+04 3.02060320754e-02 2.13744792982e-01
1.00000000000e+05 3.01649388832e-02 1.68683475574e-01
1.25892541179e+05 3.00045409864e-02 1.32628180521e-01
1.58489319246e+05 2.96976711322e-02 1.03679852267e-01
1.99526231497e+05 2.91950640742e-02 8.03353456336e-02
2.51188643151e+05 2.84257533462e-02 6.14194393830e-02
3.16227766017e+05 2.73035868450e-02 4.60387123415e-02
3.98107170553e+05 2.57475704190e-02 3.35500676773e-02
5.01187233627e+05 2.37217279319e-02 2.35278882326e-02
6.30957344480e+05 2.12853306459e-02 1.57058986670e-02
7.94328234724e+05 1.86188189399e-02 9.88171609838e-03
1.00000000000e+06 1.59855486904e-02 5.81418661028e-03
1.25892541179e+06 1.36365057955e-02 3.17610561016e-03
1.58489319246e+06 1.17237582849e-02 1.58994384369e-03
1.99526231497e+06 1.02787405847e-02 7.03070543140e-04
2.51188643151e+06 9.24771803916e-03 2.41151956560e-04
3.16227766017e+06 8.54171438340e-03 1.89540277293e-05
3.98107170553e+06 8.07177867628e-03 -7.62035404832e-05
5.01187233627e+06 7.76484915099e-03 -1.07876311070e-04
6.30957344480e+06 7.56685837938e-03 -1.09949085477e-04
7.94328234724e+06 7.44016205367e-03 -9.96669698622e-05
1.00000000000e+07 7.35950388917e-03 -8.54041175847e-05
1.25892541179e+07 7.30832290862e-03 -7.09819786754e-05
1.58489319246e+07 7.27591397769e-03 -5.79639151892e-05
1.99526231497e+07 7.25541897165e-03 -4.68365103548e-05
2.51188643151e+07 7.24246899149e-03 -3.76021429313e-05
3.16227766017e+07 7.23429072607e-03 -3.00683875302e-05
3.98107170553e+07 7.22912764797e-03 -2.39844354218e-05
5.01187233627e+07 7.22586879408e-03 -1.91017843488e-05
6.30957344480e+07 7.22381212955e-03 -1.51982869563e-05
7.94328234724e+07 7.22251427610e-03 -1.20850601965e-05
1.00000000000e+08 7.22169531192e-03 -9.60583583781e-06
1.25892541179e+08 7.22117855100e-03 -7.63335983690e-06
1.58489319246e+08 7.22085248516e-03 -6.06498353763e-06
1.99526231497e+08 7.22064674686e-03 -4.81838458231e-06
2.51188643151e+08 7.22051693291e-03 -3.82777819134e-06
3.16227766017e+08 7.22043502510e-03 -3.04071226779e-06
3.98107170553e+08 7.22038334448e-03 -2.41542369543e-06
5.01187233627e+08 7.22035073609e-03 -1.91868926522e-06
6.30957344480e+08 7.22033016154e-03 -1.52409399142e-06
7.94328234724e+08 7.22031717986e-03 -1.21064324896e-06
1.00000000000e+09 7.22030898896e-03 -9.61654171495e-07
# PARAM W1 = 3.500000e-05
# PARAM W2 = 3.500000e-05
# PARAM W3 = 3.500000e-05
# PARAM L1 = 1.800000e-05
# PARAM L2 = 1.800000e-05
# PARAM L3 = 1.800000e-05
# TEMPERATURE = 2.500000e+01
# FREQ VR(VOUT) VI(VOUT)
1.00000000000e+02 -9.32309591878e+01 1.63721355692e+00
1.25892541179e+02 -9.32142292589e+01 2.06076162338e+00
1.58489319246e+02 -9.31877263461e+01 2.59361099756e+00
1.99526231497e+02 -9.31457527718e+01 3.26369898205e+00
2.51188643151e+02 -9.30793061732e+01 4.10583627505e+00
3.16227766017e+02 -9.29741884695e+01 5.16313149074e+00
3.98107170553e+02 -9.28080713268e+01 6.48843831699e+00
5.01187233627e+02 -9.25460001962e+01 8.14550211345e+00
6.30957344480e+02 -9.21336495090e+01 1.02091041295e+01
7.94328234724e+02 -9.14875567201e+01 1.27627979399e+01
1.00000000000e+03 -9.04818398008e+01 1.58916238378e+01
1.25892541179e+03 -8.89321937673e+01 1.96653779741e+01
1.58489319246e+03 -8.65815269596e+01 2.41060632007e+01
1.99526231497e+03 -8.30991264725e+01 2.91332585918e+01
2.51188643151e+03 -7.81167587853e+01 3.44891082088e+01
3.16227766017e+03 -7.13324738716e+01 3.96693580907e+01
3.98107170553e+03 -6.26914223969e+01 4.39279567187e+01
5.01187233627e+03 -5.25753666969e+01 4.64402222917e+01
6.30957344480e+03 -4.18383262926e+01 4.66235858719e+01
7.94328234724e+03 -3.15651560532e+01 4.44324672430e+01
1.00000000000e+04 -2.26665169969e+01 4.03834179017e+01
1.25892541179e+04 -1.55988069889e+01 3.52875419975e+01
1.58489319246e+04 -1.03621248424e+01 2.99176216103e+01
1.99526231497e+04 -6.67851872838e+00 2.48173359307e+01
2.51188643151e+04 -4.18108337557e+00 2.02777697846e+01
3.16227766017e+04 -2.52990468504e+00 1.64006892157e+01
3.98107170553e+04 -1.45637957356e+00 1.31752069753e+01
5.01187233627e+04 -7.66129692132e-01 1.05359385724e+01
6.30957344480e+04 -3.25673010952e-01 8.39851936157e+00
7.94328234724e+04 -4.62768245323e-02 6.67825523768e+00
1.00000000000e+05 1.29806980533e-01 5.29848945029e+00
1.25892541179e+05 2.39575934698e-01 4.19342379042e+00
1.58489319246e+05 3.06367550515e-01 3.30825377783e+00
1.99526231497e+05 3.44574016036e-01 2.59818698300e+00
2.51188643151e+05 3.62709093927e-01 2.02715481609e+00
3.16227766017e+05 3.65422089930e-01 1.56661116142e+00
3.98107170553e+05 3.54943372516e-01 1.19456386718e+00
5.01187233627e+05 3.32355252204e-01 8.94774575584e-01
6.30957344480e+05 2.98905039018e-01 6.55834245367e-01
7.94328234724e+05 2.57182074211e-01 4.69716560553e-01
1.00000000000e+06 2.11518440818e-01 3.29767155572e-01
1.25892541179e+06 1.67092056380e-01 2.28890477286e-01
1.58489319246e+06 1.28223531719e-01 1.59001728662e-01
1.99526231497e+06 9.71558806893e-02 1.11870106035e-01
2.51188643151e+06 7.40414028148e-02 8.03519725107e-02
3.16227766017e+06 5.77377290856e-02 5.90636876225e-02
3.98107170553e+06 4.66639751182e-02 4.43481249479e-02
5.01187233627e+06 3.93333629169e-02 3.38768835657e-02
6.30957344480e+06 3.45626554319e-02 2.62112635748e-02
7.94328234724e+06 3.14921929440e-02 2.04632447386e-02
1.00000000000e+07 2.95301061661e-02 1.60731280243e-02
1.25892541179e+07 2.82820300413e-02 1.26756028608e-02
1.58489319246e+07 2.74904606653e-02 1.00223371052e-02
1.99526231497e+07 2.69893646236e-02 7.93775278382e-03
2.51188643151e+07 2.66725309264e-02 6.29348708600e-03
3.16227766017e+07 2.64723563070e-02 4.99322374217e-03
3.98107170553e+07 2.63459482026e-02 3.96331308605e-03
5.01187233627e+07 2.62661475568e-02 3.14669421603e-03
6.30957344480e+07 2.62157797868e-02 2.49876734804e-03
7.94328234724e+07 2.61839931084e-02 1.98447011736e-03
1.00000000000e+08 2.61639343750e-02 1.57613450231e-03
1.25892541179e+08 2.61512770963e-02 1.25187483445e-03
1.58489319246e+08 2.61432904657e-02 9.94352762426e-04
1.99526231497e+08 2.61382510722e-02 7.89819035820e-04
2.51188643151e+08 2.61350713621e-02 6.27363813363e-04
3.16227766017e+08 2.61330650737e-02 4.98326903163e-04
3.98107170553e+08 2.61317991805e-02 3.95832179036e-04
5.01187233627e+08 2.61310004516e-02 3.14419197744e-04
6.30957344480e+08 2.61304964861e-02 2.49751305782e-04
7.94328234724e+08 2.61301785047e-02 1.98384143070e-04
1.00000000000e+09 2.61299778717e-02 1.57581940707e-04
# PARAM W1 = 1.496900e-05
# PARAM W2 = 1.254800e-05
# PARAM W3 = 5.319500e-06
# PARAM L1 = 1.800000e-05
# PARAM L2 = 1.800000e-05
# PARAM L3 = 1.800000e-05
# TEMPERATURE = 2.500000e+01
# FREQ VR(VOUT) VI(VOUT)
1.00000000000e+02 -9.51796229227e+01 6.94750234854e+00
1.25892541179e+02 -9.48859704989e+01 8.71944708650e+00
1.58489319246e+02 -9.44242502666e+01 1.09238066966e+01
1.99526231497e+02 -9.37015919836e+01 1.36471827552e+01
2.51188643151e+02 -9.25786055260e+01 1.69752238917e+01
3.16227766017e+02 -9.08528120739e+01 2.09728407083e+01
3.98107170553e+02 -8.82454182492e+01 2.56468039622e+01
5.01187233627e+02 -8.44057153297e+01 3.08850373894e+01
6.30957344480e+02 -7.89594273144e+01 3.63777676709e+01
7.94328234724e+02 -7.16315591503e+01 4.15551521872e+01
1.00000000000e+03 -6.24422795657e+01 4.56183309712e+01
1.25892541179e+03 -5.18843935750e+01 4.77440914919e+01
1.58489319246e+03 -4.09075477960e+01 4.74284360906e+01
1.99526231497e+03 -3.06191543847e+01 4.47494562402e+01
2.51188643151e+03 -2.18717732391e+01 4.03242530487e+01
3.16227766017e+03 -1.50302344080e+01 3.49992573434e+01
3.98107170553e+03 -1.00204392408e+01 2.95273940972e+01
5.01187233627e+03 -6.52619307187e+00 2.44107282220e+01
6.30957344480e+03 -4.17093051705e+00 1.99018172993e+01
7.94328234724e+03 -2.61975466346e+00 1.60758552332e+01
1.00000000000e+04 -1.61368796045e+00 1.29066882009e+01
1.25892541179e+04 -9.67647081490e-01 1.03214651075e+01
1.58489319246e+04 -5.55458229217e-01 8.23293384766e+00
1.99526231497e+04 -2.93566957398e-01 6.55591980871e+00
2.51188643151e+04 -1.27634352845e-01 5.21442411669e+00
3.16227766017e+04 -2.27243781288e-02 4.14376018771e+00
3.98107170553e+04 4.34553962752e-02 3.29032496385e+00
5.01187233627e+04 8.50498884382e-02 2.61039534753e+00
6.30957344480e+04 1.10983517380e-01 2.06864231047e+00
7.94328234724e+04 1.26837851945e-01 1.63668134552e+00
1.00000000000e+05 1.36041421501e-01 1.29178935000e+00
1.25892541179e+05 1.40614444239e-01 1.01582908185e+00
1.58489319246e+05 1.41631243226e-01 7.94384616852e-01
1.99526231497e+05 1.39516068268e-01 6.16097016599e-01
2.51188643151e+05 1.34267509712e-01 4.72178839002e-01
3.16227766017e+05 1.25700085283e-01 3.56059537462e-01
3.98107170553e+05 1.13766046354e-01 2.63058634328e-01
5.01187233627e+05 9.89234712081e-02 1.89931718313e-01
6.30957344480e+05 8.23511479233e-02 1.34197986152e-01
7.94328234724e+05 6.57567548261e-02 9.34149777476e-02
1.00000000000e+06 5.07980268006e-02 6.47912177830e-02
1.25892541179e+06 3.85203336207e-02 4.53395868099e-02
1.58489319246e+06 2.91900298532e-02 3.23197273991e-02
1.99526231497e+06 2.25046341237e-02 2.35703300781e-02
2.51188643151e+06 1.79132240066e-02 1.75757977701e-02
3.16227766017e+06 1.48508241089e-02 1.33531646497e-02
3.98107170553e+06 1.28478190635e-02 1.02907919636e-02
5.01187233627e+06 1.15544039440e-02 8.01200403385e-03
6.30957344480e+06 1.07260917102e-02 6.28151161138e-03
7.94328234724e+06 1.01984566076e-02 4.94770676275e-03
1.00000000000e+07 9.86350345718e-03 3.90896217018e-03
1.25892541179e+07 9.65133674222e-03 3.09435180303e-03
1.58489319246e+07 9.51713564464e-03 2.45257765428e-03
1.99526231497e+07 9.43232669883e-03 1.94546305372e-03
2.51188643151e+07 9.37876227615e-03 1.54398691818e-03
3.16227766017e+07 9.34494398343e-03 1.22575556230e-03
3.98107170553e+07 9.32359752954e-03 9.73312842377e-04
5.01187233627e+07 9.31012541633e-03 7.72959705179e-04
6.30957344480e+07 9.30162372792e-03 6.13898414123e-04
7.94328234724e+07 9.29625898351e-03 4.87594084532e-04
1.00000000000e+08 9.29287384288e-03 3.87288316423e-04
1.25892541179e+08 9.29073787762e-03 3.07623302843e-04
1.58489319246e+08 9.28939014045e-03 2.44348491406e-04
1.99526231497e+08 9.28853976217e-03 1.94090207709e-04
2.51188643151e+08 9.28800320432e-03 1.54169979956e-04
3.16227766017e+08 9.28766465705e-03 1.22460890534e-04
3.98107170553e+08 9.28745104731e-03 9.72738036238e-05
5.01187233627e+08 9.28731626833e-03 7.72671588005e-05
6.30957344480e+08 9.28723122841e-03 6.13754008669e-05
7.94328234724e+08 9.28717757179e-03 4.87521714076e-05
1.00000000000e+09 9.28714371673e-03 3.87252051687e-05
