3.50000000000e-05 -8.52734555677e-04
3.50000000000e-07 -1.66674034121e-07
3.50000000000e-05 -1.52883191070e-04
3.50000000000e-05 -3.47518343252e-04
3.50000000000e-07 -2.45394833239e-06
3.50000000000e-05 -1.67505330346e-04
3.50000000000e-07 -2.39229821766e-06
3.50000000000e-05 -1.67505330346e-04
1.73200000000e-05 -2.27210087289e-05
3.50000000000e-05 -1.67505330346e-04
3.50000000000e-07 -2.45029678384e-06
4.61840000000e-06 -1.10838054949e-06
1.73200000000e-05 -2.27210087773e-05
3.50000000000e-05 -1.67505330346e-04
1.73200000000e-05 -2.27210087289e-05
4.20200000000e-06 -1.10819300403e-06
2.35770000000e-06 -1.66806986755e-07
8.84310000000e-07 -2.25161982926e-07
3.50000000000e-07 -2.40804685193e-06
4.34520000000e-06 -1.10826182727e-06
3.50000000000e-05 -1.69840698813e-05
3.50000000000e-07 -1.66674019482e-07
3.50000000000e-07 -1.66674019100e-07
3.50000000000e-07 -1.66674019100e-07
3.50000000000e-07 -2.39742485533e-06
4.05540000000e-06 -4.84599169493e-06
3.50000000000e-07 -2.41115413410e-06
4.41120000000e-06 -1.10829136784e-06
3.50000000000e-07 -2.25160174247e-07
3.50000000000e-05 -9.44775467389e-07
