
.option compat
.lib model

.global 0 

.param W1=100 L1=0.18 W2=100 L2=0.18 W3=100 L3=0.18 



M1 vout v1_2 vdd vdd CMOSP w='W1' l='L1'
M2 v1_2 v1_2 vdd vdd CMOSP w='W1' l='L1'
M3 v1_2 vinp v2_3 v2_3 CMOSN w='W2' l='L2'
M4 vout vinn v2_3 v2_3 CMOSN w='W2' l='L2'
M5 v2_3 vb 0 0 CMOSN w='W3' l='L3'

VDD vdd 0 dc 1.8
VINP vinp 0 dc 0.7
VINN vinn 0 dc 0.7
VB vb 0 dc 0.7

.dc data=list
<<<<<<< HEAD
.data list W1 W2 W3 L1 L2 L3

+ 6.4484e-05 8.468e-05 5.7365e-05 1e-07 1.8e-07 1.8e-07 
+ 0.0001 8.9263e-05 5e-05 1.078e-07 1.8e-07 1.0253e-07 
+ 5e-05 0.0001 0.0001 1e-07 1e-07 1.0999e-07 
+ 5e-05 0.0001 0.0001 1e-07 1.0576e-07 1e-07 
+ 0.0001 0.0001 0.0001 1e-07 1e-07 1e-07 
+ 5e-05 0.0001 0.0001 1e-07 1e-07 1.0294e-07 
+ 0.0001 0.0001 0.0001 1.8e-07 1e-07 1e-07 
+ 0.0001 0.0001 0.0001 1.8e-07 1e-07 1e-07 
+ 5e-05 8.468e-05 5.7365e-05 1e-07 1.8e-07 1.7862e-07 
+ 0.0001 8.9263e-05 5e-05 1.8e-07 1.8e-07 1.0986e-07 
+ 5.0161e-05 8.468e-05 5.7365e-05 1e-07 1.8e-07 1.8e-07 
+ 0.0001 8.9263e-05 5e-05 1.236e-07 1.8e-07 1.012e-07 
+ 5e-05 8.468e-05 5.7365e-05 1e-07 1.8e-07 1.8e-07 
+ 0.0001 8.9263e-05 5e-05 1.381e-07 1.8e-07 1e-07 
+ 0.0001 0.0001 0.0001 1e-07 1e-07 1e-07 
+ 0.0001 0.0001 0.0001 1e-07 1e-07 1e-07 
+ 6.4484e-05 8.468e-05 5.7365e-05 1e-07 1.7992e-07 1.8e-07 
+ 0.0001 8.9263e-05 5e-05 1.078e-07 1.8e-07 1.0859e-07 
+ 0.0001 0.0001 0.0001 1e-07 1e-07 1e-07 
+ 5e-05 0.0001 0.0001 1e-07 1e-07 1.5265e-07 
.enddata

.printfile dc i(VDD) file=dcResult
=======
.data list W1 L1 W2 L2 W3 L3

+ 5.9911e-05 5.9672e-05 8.7243e-05 1.0118e-07 1.7552e-07 1.7161e-07 0.90846 0.92789 0.52493 
+ 5.9754e-05 8.7721e-05 9.4613e-05 1.3524e-07 1.1465e-07 1.1133e-07 0.59474 0.8354 0.77294 
+ 6.6342e-05 6.7313e-05 6.213e-05 1.0531e-07 1.3769e-07 1.2414e-07 0.56185 0.7618 0.97158 
+ 9.4017e-05 7.0931e-05 5.648e-05 1.2237e-07 1.2445e-07 1.213e-07 0.9105 0.64941 0.66074 
+ 7.3555e-05 5.7786e-05 6.1253e-05 1.4128e-07 1.6301e-07 1.2796e-07 0.81895 0.85198 0.90323 
+ 7.0198e-05 9.095e-05 6.7501e-05 1.2888e-07 1.3654e-07 1.387e-07 0.50806 0.69081 0.8007 
+ 5.8962e-05 8.1246e-05 6.4354e-05 1.0899e-07 1.238e-07 1.5389e-07 0.94798 0.78384 0.89481 
+ 9.8446e-05 8.6928e-05 9.6374e-05 1.641e-07 1.0349e-07 1.2706e-07 0.75769 0.94393 0.89959 
+ 7.0373e-05 9.0256e-05 5.2566e-05 1.4837e-07 1.4444e-07 1.7059e-07 0.77226 0.92147 0.52478 
+ 9.2224e-05 5.3361e-05 7.9633e-05 1.0063e-07 1.7317e-07 1.6817e-07 0.80322 0.9494 0.6416 
+ 8.0766e-05 9.754e-05 5.8145e-05 1.4781e-07 1.7541e-07 1.7842e-07 0.88022 0.9695 0.82673 
+ 6.8831e-05 7.4879e-05 9.192e-05 1.2729e-07 1.2964e-07 1.0286e-07 0.92767 0.90772 0.74483 
+ 9.3859e-05 8.7757e-05 5.8378e-05 1.0789e-07 1.1631e-07 1.0237e-07 0.69143 0.50068 0.98643 
+ 8.9243e-05 8.712e-05 7.511e-05 1.0037e-07 1.247e-07 1.7009e-07 0.54232 0.50155 0.87424 
+ 7.3248e-05 9.1556e-05 9.9966e-05 1.2775e-07 1.5238e-07 1.4261e-07 0.86694 0.54373 0.78392 
+ 9.0699e-05 5.7825e-05 6.777e-05 1.7133e-07 1.0425e-07 1.2746e-07 0.66599 0.63036 0.64948 
+ 9.4922e-05 7.2865e-05 5.2354e-05 1.7711e-07 1.3838e-07 1.5679e-07 0.91987 0.5114 0.62805 
+ 7.1462e-05 8.0905e-05 6.0683e-05 1.3055e-07 1.0369e-07 1.1964e-07 0.68586 0.71204 0.94328 
+ 6.6716e-05 9.6609e-05 6.9892e-05 1.3463e-07 1.7411e-07 1.3535e-07 0.91411 0.67053 0.7234 
+ 7.9832e-05 9.1754e-05 6.6683e-05 1.0304e-07 1.6344e-07 1.4578e-07 0.58826 0.77068 0.90799 
+ 9.51e-05 9.4771e-05 6.148e-05 1.2031e-07 1.18e-07 1.5862e-07 0.56476 0.96308 0.54917 
+ 8.5103e-05 7.9126e-05 9.6806e-05 1.27e-07 1.0686e-07 1.197e-07 0.93994 0.64925 0.9298 
+ 6.8873e-05 7.9137e-05 8.4159e-05 1.3813e-07 1.174e-07 1.0813e-07 0.52204 0.66904 0.51381 
+ 8.6748e-05 9.2746e-05 9.8106e-05 1.5921e-07 1.5636e-07 1.2172e-07 0.84336 0.92974 0.94958 
+ 9.7705e-05 5.1743e-05 7.1899e-05 1.0304e-07 1.6785e-07 1.4745e-07 0.86689 0.67024 0.94997 
+ 7.7141e-05 9.4271e-05 9.7017e-05 1.3678e-07 1.1217e-07 1.0493e-07 0.71859 0.56906 0.76205 
+ 7.7005e-05 7.0387e-05 5.0292e-05 1.7758e-07 1.1721e-07 1.5957e-07 0.68992 0.7539 0.5601 
+ 6.5555e-05 5.1819e-05 8.0515e-05 1.2429e-07 1.5833e-07 1.3735e-07 0.98983 0.92833 0.5889 
+ 5.3562e-05 8.7307e-05 9.0054e-05 1.3842e-07 1.6178e-07 1.0362e-07 0.6995 0.69216 0.85305 
+ 5.9099e-05 5.7741e-05 6.1649e-05 1.7528e-07 1.5432e-07 1.5858e-07 0.72009 0.84785 0.91568 
+ 5.4649e-05 5.7195e-05 9.6623e-05 1.088e-07 1.1364e-07 1.5999e-07 0.5784 0.81395 0.51742 
+ 7.3174e-05 8.0298e-05 8.8163e-05 1.5358e-07 1.1423e-07 1.0579e-07 0.66302 0.72519 0.87892 
+ 5.0467e-05 6.2724e-05 9.1322e-05 1.6162e-07 1.3435e-07 1.7451e-07 0.65703 0.73681 0.97856 
+ 9.5751e-05 6.6208e-05 7.8673e-05 1.7088e-07 1.3425e-07 1.5605e-07 0.94725 0.97485 0.67144 
+ 8.2137e-05 7.009e-05 8.9629e-05 1.5513e-07 1.5712e-07 1.3267e-07 0.62351 0.54175 0.81912 
+ 5.0071e-05 7.0319e-05 6.6452e-05 1.6173e-07 1.2407e-07 1.6374e-07 0.65534 0.63991 0.6715 
+ 5.1519e-05 6.931e-05 6.1173e-05 1.2784e-07 1.163e-07 1.2913e-07 0.70443 0.7235 0.60824 
+ 6.0424e-05 8.049e-05 6.5619e-05 1.7471e-07 1.4467e-07 1.1613e-07 0.85401 0.79379 0.8931 
+ 7.2748e-05 5.8345e-05 7.9226e-05 1.5797e-07 1.443e-07 1.3986e-07 0.57182 0.93882 0.86154 
+ 5.6363e-05 5.9405e-05 9.1496e-05 1.5745e-07 1.4275e-07 1.2794e-07 0.93566 0.73455 0.63942 
+ 5.0432e-05 5.4731e-05 6.4523e-05 1.0959e-07 1.5768e-07 1.1632e-07 0.54158 0.71871 0.79122 
+ 8.6354e-05 6.6159e-05 7.0128e-05 1.4445e-07 1.2597e-07 1.6133e-07 0.73087 0.87309 0.7105 
+ 6.7706e-05 8.848e-05 9.3103e-05 1.1953e-07 1.0771e-07 1.3193e-07 0.51519 0.73396 0.54603 
+ 8.9022e-05 6.1706e-05 8.0737e-05 1.3174e-07 1.0732e-07 1.71e-07 0.8766 0.93041 0.51201 
+ 7.1833e-05 8.7018e-05 9.9559e-05 1.1734e-07 1.2022e-07 1.3874e-07 0.85002 0.73326 0.74557 
+ 7.1828e-05 8.4641e-05 6.0185e-05 1.7089e-07 1.5916e-07 1.1297e-07 0.60726 0.74905 0.63913 
+ 5.2461e-05 9.1204e-05 9.136e-05 1.0171e-07 1.2483e-07 1.0634e-07 0.83995 0.74372 0.66988 
+ 5.2482e-05 9.1399e-05 8.3793e-05 1.1211e-07 1.6945e-07 1.4014e-07 0.77865 0.61473 0.64367 
+ 5.4555e-05 6.4668e-05 6.2447e-05 1.7595e-07 1.7012e-07 1.5779e-07 0.92534 0.54278 0.58545 
+ 7.9702e-05 6.5468e-05 7.3789e-05 1.427e-07 1.6473e-07 1.278e-07 0.77928 0.53369 0.69963 
+ 6.2054e-05 7.6151e-05 6.9954e-05 1.5395e-07 1.6834e-07 1.0662e-07 0.95089 0.9442 0.84882 
+ 9.2068e-05 6.6265e-05 7.9972e-05 1.2958e-07 1.332e-07 1.3921e-07 0.70976 0.61658 0.60184 
+ 9.2861e-05 9.1592e-05 9.0026e-05 1.6158e-07 1.7413e-07 1.0206e-07 0.67906 0.9308 0.83316 
+ 9.8181e-05 9.0515e-05 5.5253e-05 1.3361e-07 1.1421e-07 1.6422e-07 0.74449 0.85587 0.72153 
+ 7.4445e-05 7.785e-05 9.1072e-05 1.3175e-07 1.2217e-07 1.7111e-07 0.62798 0.93641 0.71665 
+ 6.1016e-05 6.3148e-05 9.2054e-05 1.3201e-07 1.0593e-07 1.5621e-07 0.96458 0.969 0.58762 
+ 6.131e-05 8.4028e-05 6.7725e-05 1.4413e-07 1.4059e-07 1.4829e-07 0.73338 0.56984 0.5966 
+ 7.6839e-05 6.1683e-05 7.1503e-05 1.7717e-07 1.2761e-07 1.4634e-07 0.627 0.69695 0.80821 
+ 8.8105e-05 7.2821e-05 7.8612e-05 1.3889e-07 1.0879e-07 1.5508e-07 0.71561 0.99028 0.63451 
+ 6.7378e-05 6.9228e-05 8.5041e-05 1.4738e-07 1.3692e-07 1.2449e-07 0.85127 0.8224 0.77984 
+ 7.3062e-05 7.693e-05 8.7123e-05 1.7136e-07 1.5742e-07 1.7265e-07 0.70116 0.9482 0.97239 
+ 8.1966e-05 9.9585e-05 8.7894e-05 1.4321e-07 1.0192e-07 1.4783e-07 0.59092 0.74112 0.85724 
+ 9.5867e-05 8.7761e-05 6.9456e-05 1.4393e-07 1.7709e-07 1.5639e-07 0.92813 0.50705 0.83961 
+ 5.8079e-05 9.9023e-05 7.1465e-05 1.3591e-07 1.539e-07 1.5548e-07 0.7921 0.81144 0.97969 
+ 8.5782e-05 6.1739e-05 9.7817e-05 1.1557e-07 1.0216e-07 1.7156e-07 0.68679 0.61555 0.88767 
+ 7.8887e-05 7.6428e-05 7.8649e-05 1.2393e-07 1.508e-07 1.3249e-07 0.61085 0.76372 0.80386 
+ 7.1665e-05 5.2572e-05 9.2486e-05 1.1022e-07 1.5527e-07 1.5738e-07 0.6095 0.8625 0.974 
+ 9.4212e-05 8.7844e-05 6.3817e-05 1.7582e-07 1.7033e-07 1.6758e-07 0.76112 0.80371 0.52982 
+ 6.9653e-05 8.0099e-05 8.1116e-05 1.6243e-07 1.0674e-07 1.7995e-07 0.71671 0.79418 0.63436 
+ 5.8949e-05 9.2858e-05 7.9418e-05 1.4323e-07 1.6916e-07 1.5731e-07 0.87065 0.71672 0.99334 
+ 8.1667e-05 9.9414e-05 9.8173e-05 1.0332e-07 1.5343e-07 1.3594e-07 0.53522 0.62209 0.8861 
+ 8.12e-05 9.6474e-05 5.4295e-05 1.168e-07 1.082e-07 1.1033e-07 0.92367 0.71448 0.73768 
+ 6.6397e-05 7.0476e-05 7.5025e-05 1.4385e-07 1.4003e-07 1.7662e-07 0.83994 0.50509 0.84045 
+ 9.0148e-05 5.0017e-05 7.6079e-05 1.5333e-07 1.3078e-07 1.0762e-07 0.56833 0.80441 0.70847 
+ 9.9974e-05 7.7044e-05 5.4508e-05 1.7527e-07 1.3335e-07 1.6952e-07 0.9292 0.97899 0.69007 
+ 9.9049e-05 6.0387e-05 9.5233e-05 1.2073e-07 1.2414e-07 1.133e-07 0.59992 0.54772 0.60664 
+ 5.6352e-05 6.0964e-05 9.4219e-05 1.3946e-07 1.7765e-07 1.1596e-07 0.80367 0.5178 0.69147 
+ 6.1612e-05 6.629e-05 7.1949e-05 1.6401e-07 1.3777e-07 1.0657e-07 0.77152 0.94312 0.51483 
+ 5.1182e-05 5.4797e-05 8.9086e-05 1.4582e-07 1.7743e-07 1.6902e-07 0.58116 0.62347 0.73616 
+ 8.0372e-05 8.7377e-05 5.7423e-05 1.665e-07 1.1383e-07 1.3962e-07 0.50283 0.50446 0.66669 
+ 5.554e-05 8.7425e-05 8.0991e-05 1.1986e-07 1.528e-07 1.476e-07 0.88574 0.90746 0.98792 
+ 7.0373e-05 7.7165e-05 6.3031e-05 1.5053e-07 1.1226e-07 1.6611e-07 0.88239 0.57025 0.77772 
+ 9.4204e-05 6.6907e-05 7.2283e-05 1.0465e-07 1.6031e-07 1.3399e-07 0.71053 0.93993 0.92315 
+ 7.7407e-05 9.1617e-05 9.22e-05 1.7863e-07 1.3348e-07 1.315e-07 0.52841 0.54769 0.70403 
+ 6.845e-05 7.7629e-05 5.981e-05 1.1368e-07 1.0499e-07 1.6284e-07 0.79287 0.67628 0.73101 
+ 6.0417e-05 9.7877e-05 6.5193e-05 1.2987e-07 1.7618e-07 1.3841e-07 0.58708 0.79671 0.91315 
+ 7.2047e-05 9.4642e-05 7.4165e-05 1.369e-07 1.7568e-07 1.0087e-07 0.86431 0.79259 0.9956 
+ 9.781e-05 6.7825e-05 6.6891e-05 1.2796e-07 1.7835e-07 1.4081e-07 0.76715 0.83384 0.76197 
+ 5.6201e-05 7.732e-05 8.9924e-05 1.2187e-07 1.2548e-07 1.2441e-07 0.62653 0.82401 0.96272 
+ 7.3538e-05 6.7334e-05 9.9374e-05 1.7244e-07 1.3211e-07 1.4709e-07 0.95853 0.71668 0.86951 
+ 9.2845e-05 8.114e-05 5.7952e-05 1.0979e-07 1.7088e-07 1.7722e-07 0.8791 0.56988 0.78372 
+ 5.217e-05 8.9831e-05 6.1844e-05 1.7885e-07 1.163e-07 1.5657e-07 0.94352 0.87596 0.98439 
+ 8.4581e-05 8.7294e-05 8.5112e-05 1.5646e-07 1.3057e-07 1.1588e-07 0.5344 0.62089 0.91225 
+ 9.8949e-05 5.6277e-05 6.8774e-05 1.6561e-07 1.7438e-07 1.5228e-07 0.59176 0.82523 0.9798 
+ 6.4163e-05 9.112e-05 9.8685e-05 1.059e-07 1.7446e-07 1.7333e-07 0.86854 0.92869 0.82317 
+ 5.6689e-05 5.1258e-05 9.8615e-05 1.7455e-07 1.6912e-07 1.3911e-07 0.84836 0.54219 0.68979 
+ 8.4264e-05 7.0721e-05 8.2185e-05 1.3351e-07 1.1689e-07 1.5065e-07 0.8885 0.98604 0.73829 
+ 9.5473e-05 8.657e-05 9.3005e-05 1.2903e-07 1.7261e-07 1.2084e-07 0.75095 0.51573 0.95594 
+ 8.0543e-05 8.9069e-05 7.0094e-05 1.279e-07 1.6097e-07 1.3802e-07 0.71275 0.9177 0.50743 
+ 9.4999e-05 6.8364e-05 8.1597e-05 1.1083e-07 1.6051e-07 1.1564e-07 0.80562 0.91786 0.57835 
.enddata

.printfile dc v(vout) file=dcResult
.printfile dc i(vdd) file=dcResult
>>>>>>> 632ab7fc2f3550498eda4887bcb4b750627d53fd
