6.44840000000e-05 -1.49783679278e-03
1.00000000000e-04 -1.48030152861e-03
5.00000000000e-05 -2.76767579495e-03
5.00000000000e-05 -2.63444323485e-03
1.00000000000e-04 -2.60947017017e-03
5.00000000000e-05 -2.65977385729e-03
1.00000000000e-04 -2.64668624833e-03
1.00000000000e-04 -2.64668624833e-03
5.00000000000e-05 -1.50290219261e-03
1.00000000000e-04 -1.55997304796e-03
5.01610000000e-05 -1.49593710207e-03
1.00000000000e-04 -1.46532077388e-03
5.00000000000e-05 -1.49590829042e-03
1.00000000000e-04 -1.44799932335e-03
1.00000000000e-04 -2.60947015632e-03
1.00000000000e-04 -2.60947017017e-03
6.44840000000e-05 -1.49795340834e-03
1.00000000000e-04 -1.54298953806e-03
1.00000000000e-04 -2.60947873996e-03
5.00000000000e-05 -2.64346529425e-03
