+ 1.0266e-06 5.0902e-07 1.9204e-06 2.7545e-07 2.7166e-07 3.5503e-07 
+ 5.8145e-07 1.7029e-06 1.2651e-06 3.3889e-07 3.9988e-07 3.0895e-07 
+ 1.5631e-06 1.2461e-06 1.6878e-06 4.6477e-07 2.2517e-07 2.1425e-07 
+ 1.9894e-06 1.3068e-06 1.1783e-06 3.4045e-07 3.4387e-07 4.1173e-07 
+ 7.4371e-07 1.8064e-06 1.7738e-06 2.6864e-07 4.1082e-07 3.7638e-07 
+ 6.7035e-07 1.5843e-06 1.0856e-06 3.5087e-07 4.7723e-07 4.3055e-07 
+ 1.8693e-06 1.5021e-06 1.6076e-06 3.6376e-07 4.1427e-07 3.6132e-07 
+ 1.2225e-06 7.6824e-07 1.9647e-06 3.121e-07 4.1995e-07 4.3962e-07 
+ 1.7777e-06 1.3257e-06 1.2849e-06 1.8472e-07 3.1034e-07 3.6457e-07 
+ 1.7149e-06 1.9398e-06 1.1449e-06 4.0488e-07 2.5664e-07 4.8209e-07 
+ 7.8014e-07 1.394e-06 8.1074e-07 3.4216e-07 3.4667e-07 4.5886e-07 
+ 8.708e-07 1.7129e-06 9.851e-07 3.0201e-07 2.501e-07 3.4243e-07 
+ 5.8128e-07 1.9768e-06 6.6631e-07 2.0078e-07 4.4956e-07 4.3242e-07 
+ 1.4134e-06 1.8289e-06 1.0628e-06 2.9475e-07 3.9214e-07 3.3137e-07 
+ 1.6658e-06 8.2076e-07 9.9486e-07 2.5496e-07 4.412e-07 4.4522e-07 
+ 1.2666e-06 5.5195e-07 1.0132e-06 2.4512e-07 4.3404e-07 2.8319e-07 
+ 5.4163e-07 1.1767e-06 1.7257e-06 4.4041e-07 3.3011e-07 4.9237e-07 
+ 1.9856e-06 5.2069e-07 1.2975e-06 3.059e-07 2.7905e-07 2.6903e-07 
+ 1.2514e-06 1.2106e-06 1.2817e-06 1.9714e-07 4.0003e-07 2.0331e-07 
+ 9.98e-07 1.9268e-06 1.6615e-06 3.0002e-07 4.9579e-07 4.2039e-07 
+ 7.6082e-07 8.7343e-07 6.8039e-07 4.28e-07 4.2638e-07 4.4598e-07 
+ 1.4385e-06 1.0796e-06 1.4382e-06 2.329e-07 4.4547e-07 4.7515e-07 
+ 1.3627e-06 1.1472e-06 1.02e-06 4.7191e-07 4.0595e-07 2.8465e-07 
+ 1.6265e-06 1.7463e-06 1.0019e-06 2.8215e-07 3.7051e-07 4.373e-07 
+ 7.3028e-07 1.737e-06 1.3619e-06 2.8553e-07 4.2092e-07 3.5224e-07 
+ 1.0352e-06 1.1795e-06 1.7959e-06 2.4536e-07 3.3895e-07 3.2825e-07 
+ 7.1593e-07 1.0708e-06 7.9784e-07 4.2551e-07 4.5684e-07 4.4264e-07 
+ 1.7759e-06 1.8888e-06 1.5087e-06 2.0239e-07 2.0177e-07 4.8461e-07 
+ 1.0068e-06 1.6113e-06 1.8527e-06 4.8401e-07 4.8993e-07 2.0441e-07 
+ 9.1279e-07 1.6064e-06 7.9874e-07 2.3063e-07 2.116e-07 4.0677e-07 
