
.option compat
.lib model

.global 0 

.param W1=350e-9 L1=180e-9 W2=350e-9 L2=180e-9 W3=350e-9 L3=180e-9 W4=350e-9 L4=180e-9 W5=350e-9 L5=180e-9 VBias=0.7



M9 v1_9 vb vdd vdd CMOSP w='W5' l='L5'
M1 v1_3 vinn v1_9 v1_9 CMOSP w='W1' l='L1'
M2 v2_4 vinp v1_9 v1_9 CMOSP w='W1' l='L1'
M3 v1_3 v1_3 0 0 CMOSN w='W2' l='L2'
M4 v2_4 v2_4 0 0 CMOSN w='W2' l='L2'
M5 v5_7 v1_3 0 0 CMOSN w='W3' l='L3'
M6 vout v2_4 0 0 CMOSN w='W3' l='L3'
M7 v5_7 v5_7 vdd vdd CMOSP w='W4' l='L4'
M8 vout v5_7 vdd vdd CMOSP w='W4' l='L4'

VDD vdd 0 dc 1.8
VINP vinp 0 dc 0.7
VINN vinn 0 dc 0.7
VB vb 0 dc 'VBias'

.dc data=list
.data list W1 W2 W3 W4 W5 L1 L2 L3 L4 L5 VBias

+ 4.5478e-06 3.5e-05 1.3347e-05 1.14e-05 1.5377e-05 1.8e-07 1.8e-07 1.8e-05 1.8e-05 2.4676e-06 0.7 
+ 1.4749e-05 3.5e-05 3.5e-05 2.6733e-06 3.5e-07 1.8e-07 1.5501e-05 1.8e-07 1.8e-07 7.7373e-06 0.7 
+ 2.3308e-05 3.5e-05 3.0166e-05 1.9236e-05 1.6661e-05 1.8e-07 1.8e-07 1.4742e-05 1.8e-05 1.8e-07 0.7 
+ 8.9761e-06 3.5e-05 3.5e-05 3.5e-07 3.5e-07 3.6339e-06 1.5923e-05 3.6066e-06 1.8e-07 1.2382e-05 0.7 
+ 3.5e-05 1.6579e-05 1.2964e-05 1.9354e-05 2.6475e-05 1.8e-05 1.8e-05 1.8e-05 1.7987e-05 1.8e-05 0.7 
+ 3.5e-07 3.5e-05 3.5e-05 3.5e-05 3.5e-07 1.8e-07 1.8e-05 1.8e-07 6.8426e-06 1.8e-05 0.7 
+ 3.8324e-07 3.5e-05 2.9637e-05 2.3673e-05 1.6465e-05 1.8e-07 1.8e-07 1.6372e-05 1.8e-05 4.2923e-06 0.7 
+ 2.3733e-05 3.3216e-05 3.5e-05 2.6475e-05 3.5e-07 1.8e-07 1.1013e-05 6.3891e-06 1.8e-07 1.1991e-05 0.7 
+ 3.5e-07 3.5e-05 1.5535e-05 2.7559e-05 2.0027e-05 7.2696e-06 1.8e-07 1.5381e-05 1.8e-05 8.3924e-06 0.7 
+ 9.0408e-06 3.5e-05 3.5e-05 1.4195e-05 3.5e-07 1.1528e-06 9.0103e-06 6.3694e-07 1.8e-07 1.2672e-05 0.7 
+ 1.9881e-05 3.5e-05 3.4545e-05 4.9994e-06 2.7655e-05 1.8e-07 1.8e-07 1.3084e-05 1.8e-05 4.7719e-06 0.7 
+ 1.573e-06 2.7771e-05 3.5e-05 2.4565e-05 3.5e-07 1.8e-07 1.7723e-06 5.978e-06 1.8e-07 1.0006e-06 0.7 
+ 3.5e-07 3.5e-05 3.7724e-06 3.5e-05 3.5e-07 1.8e-05 1.3243e-05 1.8e-07 1.8e-05 1.4851e-05 0.7 
+ 3.5e-05 3.5e-07 3.5e-05 3.5e-05 3.5e-05 1.8e-07 1.0956e-05 1.8e-05 1.8e-05 1.6031e-05 0.7 
+ 1.2577e-05 3.5e-05 3.1954e-05 2.1851e-05 3.5e-05 1.8e-07 1.8e-07 1.1409e-05 1.8e-05 1.8e-07 0.7 
+ 3.5e-07 3.5e-05 3.5e-05 7.76e-06 3.5e-07 1.8e-07 1.5098e-05 1.8e-07 1.8e-07 1.4687e-05 0.7 
+ 3.5e-07 2.4956e-05 3.5e-05 9.8366e-06 3.5e-07 1.8e-05 1.2045e-05 1.8e-05 1.1494e-05 1.8e-05 0.7 
+ 3.5e-05 6.5529e-06 2.6162e-05 1.4173e-05 3.5e-05 1.8e-07 1.2831e-05 1.6754e-05 6.1824e-06 1.8e-05 0.7 
+ 2.6244e-05 3.2238e-05 3.5e-05 3.5e-05 3.5e-05 1.8e-07 1.8e-05 1.8e-05 3.8143e-06 1.8e-05 0.7 
+ 3.5e-05 3.5e-05 1.0025e-05 3.5e-05 2.398e-05 1.8e-05 1.8e-05 6.3463e-06 1.8e-05 1.8e-05 0.7 
+ 3.5e-05 1.5383e-05 3.5e-05 3.5e-05 3.1439e-05 1.8e-05 1.8e-05 1.0907e-05 7.0391e-06 6.7002e-06 0.7 
+ 3.5e-07 3.5e-05 1.4879e-05 3.5e-05 3.5e-05 1.8e-07 1.8e-05 1.8e-05 1.1718e-05 1.8e-05 0.7 
+ 2.1303e-06 3.5e-05 6.4617e-06 3.3658e-06 2.3721e-05 7.8254e-06 1.8e-07 1.8e-05 1.8e-05 7.0916e-06 0.7 
+ 1.7172e-05 3.5e-05 3.5e-05 2.4188e-05 3.5e-07 9.4101e-06 1.353e-05 3.7494e-06 1.8e-07 6.0674e-06 0.7 
+ 1.3994e-05 3.5e-05 1.2066e-05 6.5764e-06 3.5e-05 1.8e-07 1.8e-07 7.3278e-06 1.8e-05 1.8e-07 0.7 
+ 1.405e-05 3.4844e-05 3.5e-05 2.3034e-05 3.5e-07 7.3391e-06 9.0524e-06 1.0287e-05 1.8e-07 8.8986e-06 0.7 
+ 3.5e-07 3.5e-05 3.5e-05 3.5e-05 3.5e-05 1.8e-07 1.8e-05 1.8e-05 1.5323e-05 1.8e-05 0.7 
+ 3.5e-05 2.5088e-05 9.9437e-06 1.3868e-05 3.5e-07 1.8e-05 1.8e-05 1.8e-07 1.8e-05 1.8e-05 0.7 
+ 3.5e-05 3.5e-05 3.5e-05 3.5e-05 3.5e-05 1.8e-07 1.8373e-06 1.8818e-06 1.8e-05 1.8e-05 0.7 
+ 3.5e-05 3.5e-07 3.5e-05 1.5356e-05 3.5e-05 1.8e-05 2.171e-06 1.8e-05 1.8e-05 1.8e-05 0.7 
.enddata

.printfile dc i(VDD) file=dcResult