1.38360000000e-05 -6.53214298282e-06
2.59910000000e-05 -7.65173820011e-05
2.86810000000e-05 -2.85830954322e-05
2.11520000000e-05 -1.71667639427e-05
3.29510000000e-06 -8.73263373288e-09
3.23100000000e-05 -7.16208574248e-08
2.20720000000e-06 -9.03102955992e-06
1.86110000000e-05 -9.18345492815e-06
4.46830000000e-06 -1.51506427091e-06
1.35220000000e-05 -1.38705975785e-09
2.85150000000e-05 -2.47848891601e-07
8.80790000000e-06 -1.23424129137e-09
3.09950000000e-05 -1.04800290795e-04
2.50430000000e-05 -2.35105907183e-06
1.34530000000e-05 -1.31875260558e-05
8.97510000000e-06 -1.75609375987e-06
9.11140000000e-06 -1.53499189141e-05
2.69350000000e-05 -7.58408013514e-08
2.07770000000e-06 -3.76752705332e-06
2.40950000000e-05 -3.72594165350e-09
2.18430000000e-05 -2.99667693694e-09
2.62230000000e-05 -1.98664285928e-05
3.42120000000e-05 -4.65429886011e-05
1.36530000000e-05 -1.65499689797e-07
9.36610000000e-06 -5.31958277641e-06
3.07540000000e-05 -5.14985999580e-07
2.82810000000e-05 -2.07508113133e-06
1.63280000000e-05 -3.05397077812e-05
3.50180000000e-06 -1.63905109576e-08
1.99020000000e-05 -3.10914915816e-07
6.84280000000e-06 -1.12615105616e-05
1.87730000000e-05 -6.08764213010e-10
1.26520000000e-05 -1.09736051118e-04
1.12570000000e-05 -4.03053049362e-05
2.55320000000e-05 -1.08253043971e-05
1.82220000000e-05 -1.03754836198e-06
2.77460000000e-05 -1.01293016863e-06
7.43570000000e-06 -5.39787644366e-07
2.38460000000e-05 -1.32756767307e-05
2.16860000000e-06 -6.81152258374e-09
2.81110000000e-05 -7.43945316103e-07
2.38620000000e-05 -1.48149391809e-05
3.31290000000e-05 -2.81002420201e-10
3.52250000000e-06 -4.63864081724e-06
3.18270000000e-05 -7.20543135903e-06
1.80200000000e-05 -1.49837671836e-04
2.16560000000e-05 -3.39856838053e-05
1.13020000000e-05 -2.61528247936e-05
3.03490000000e-06 -5.31048252716e-05
2.98240000000e-05 -4.28169870597e-05
