3.50000000000e-07 -1.66674019100e-07
3.50000000000e-07 -1.66674019100e-07
3.50000000000e-05 -1.40635350116e-04
3.50000000000e-05 -4.83314135881e-04
3.50000000000e-05 -1.58472404787e-05
4.01230000000e-06 -2.25202605667e-07
2.28980000000e-05 -1.29086138699e-05
9.90610000000e-07 -4.26392158292e-06
4.67610000000e-07 -1.96475503890e-06
4.48960000000e-06 -4.79276518822e-06
2.61160000000e-05 -3.08390822431e-06
3.50000000000e-07 -2.25200092123e-07
1.44730000000e-06 -6.37506962199e-06
3.50000000000e-05 -1.69840715603e-05
3.50000000000e-05 -1.90002448316e-05
3.50000000000e-07 -2.25200092024e-07
2.64240000000e-05 -3.70148694411e-06
9.25660000000e-07 -2.25201439232e-07
2.61160000000e-05 -3.27657333733e-06
3.50000000000e-07 -2.25200092095e-07
3.50000000000e-05 -1.69840698813e-05
3.50000000000e-07 -2.25200091254e-07
2.72270000000e-05 -4.86959724521e-06
3.50000000000e-07 -2.25200091129e-07
3.50000000000e-05 -1.99667432096e-05
2.77430000000e-06 -1.05692335420e-05
3.50000000000e-05 -2.36650415706e-05
4.14020000000e-06 -1.27911606306e-05
3.33810000000e-06 -1.19681669749e-05
3.50000000000e-05 -2.70921840752e-05
