+ 3.5e-07 1.9226e-06 1.3032e-05 1.8e-05 1.8e-05 1.8e-05 
+ 3.5e-05 3.5e-05 3.5e-05 1.8e-05 1.8e-07 1.8e-05 
+ 3.5e-05 2.2889e-05 2.714e-05 1.3293e-05 6.1778e-06 1.8e-05 
+ 5.9577e-06 3.5e-05 3.5e-05 1.8e-05 1.8e-07 9.8217e-06 
+ 3.5e-07 1.9479e-06 1.4064e-06 1.8e-05 1.8e-05 1.8e-05 
+ 3.5e-05 3.5e-05 5.0661e-06 1.8e-05 1.8e-05 1.8e-05 
+ 3.5e-05 3.5e-07 3.5e-07 1.3293e-05 1.8e-05 1.8e-05 
+ 3.5e-07 3.5e-05 3.5e-05 1.8e-05 1.7266e-06 1.1564e-05 
+ 3.5e-05 3.5e-05 1.2468e-05 1.8e-05 1.8e-05 1.8e-05 
+ 3.5e-07 2.2626e-06 3.0644e-06 1.8e-05 1.8e-05 1.8e-05 
+ 3.5e-07 1.1096e-06 3.5e-07 1.8e-05 1.8e-05 1.8e-05 
+ 3.5e-07 3.6764e-07 3.5e-07 1.8e-05 1.8e-05 1.8e-05 
+ 3.5e-05 2.2889e-05 5.3437e-06 1.3293e-05 1.8e-05 1.8e-05 
+ 3.5e-07 2.2201e-05 3.5e-05 1.8e-05 1.0654e-05 1.1564e-05 
+ 3.5e-05 3.5e-07 3.5e-07 1.3293e-05 1.8e-05 1.8e-05 
+ 3.5e-07 3.5e-05 3.5e-05 1.8e-05 4.6308e-06 1.1564e-05 
+ 3.5e-05 2.2889e-05 2.4179e-05 1.3293e-05 8.2975e-06 1.8e-05 
+ 3.5e-07 2.3725e-05 3.5e-05 1.8e-05 1.0654e-05 1.1564e-05 
+ 3.5e-05 2.2889e-05 3.0386e-05 1.3293e-05 6.345e-06 1.8e-05 
+ 5.9577e-06 3.5e-05 3.5e-05 1.8e-05 3.1226e-06 1.1564e-05 
+ 3.5e-05 3.5e-07 3.5e-07 1.3293e-05 1.8e-05 1.8e-05 
+ 3.5e-07 2.2314e-05 3.5e-05 1.8e-05 1.0654e-05 1.1564e-05 
+ 3.5e-05 3.5e-07 3.5e-07 1.3293e-05 1.8e-05 1.8e-05 
+ 3.5e-07 3.5e-05 3.5e-05 1.8e-05 1.0654e-05 1.1564e-05 
+ 1.276e-05 3.5e-05 1.8084e-05 1.8e-05 1.8e-05 1.8e-05 
+ 3.5e-07 3.5e-05 4.5822e-06 1.8e-05 1.8e-05 1.8e-05 
+ 3.5e-07 1.1912e-06 3.5e-07 1.8e-05 1.8e-05 1.8e-05 
+ 3.5e-07 6.7567e-06 3.5e-07 1.8e-05 1.8e-05 1.8e-05 
+ 3.5e-05 3.5e-07 3.5e-07 1.3293e-05 1.8e-05 1.8e-05 
+ 3.5e-07 2.2291e-05 3.5e-05 1.8e-05 1.0654e-05 1.1564e-05 
