
.option compat
.lib model

.global 0 

.param W1=350e-9 L1=180e-9 W2=350e-9 L2=180e-9 W3=350e-9 L3=180e-9 W4=350e-9 L4=180e-9 W5=350e-9 L5=180e-9 VBias=0.7 VInDC=0.7



M9 v1_9 vb vdd vdd CMOSP w='W5' l='L5'
M1 v1_3 vinn v1_9 v1_9 CMOSP w='W1' l='L1'
M2 v2_4 vinp v1_9 v1_9 CMOSP w='W1' l='L1'
M3 v1_3 v1_3 0 0 CMOSN w='W2' l='L2'
M4 v2_4 v2_4 0 0 CMOSN w='W2' l='L2'
M5 v5_7 v1_3 0 0 CMOSN w='W3' l='L3'
M6 vout v2_4 0 0 CMOSN w='W3' l='L3'
M7 v5_7 v5_7 vdd vdd CMOSP w='W4' l='L4'
M8 vout v5_7 vdd vdd CMOSP w='W4' l='L4'

VDD vdd 0 dc 1.8
VINP vinp 0 dc 'VInDC'
VINN vinn 0 dc 'VInDC'
VB vb 0 dc 'VBias'

.dc data=list
.data list W1 W2 W3 W4 W5 L1 L2 L3 L4 L5 VBias VInDC

+ 1.3836e-05 5.3579e-06 2.215e-06 1.4114e-05 6.1013e-07 3.3667e-06 1.2163e-05 5.6957e-06 1.6794e-05 1.6737e-06 0.47822 1.0967 
+ 2.5991e-05 1.3187e-05 3.0225e-05 1.6962e-05 2.4222e-05 9.9898e-06 1.6251e-05 1.2433e-05 1.2434e-05 6.198e-06 0.47488 0.93668 
+ 2.8681e-05 2.1916e-05 1.5698e-05 1.9927e-05 3.313e-05 1.7285e-05 3.729e-06 1.7766e-05 1.0308e-05 4.3878e-06 0.84352 0.76118 
+ 2.1152e-05 3.4915e-05 1.9339e-05 1.7315e-05 3.0618e-05 1.0801e-05 5.4954e-06 1.39e-05 6.9667e-06 5.8433e-06 1.091 0.44847 
+ 3.2951e-06 1.8276e-05 1.9992e-05 9.699e-06 4.275e-06 1.4589e-05 9.028e-06 1.4963e-05 1.1488e-05 1.7723e-05 1.0845 1.4737 
+ 3.231e-05 3.4671e-05 2.3926e-05 3.4644e-05 1.2636e-05 1.7724e-05 1.6038e-05 1.2762e-05 6.6527e-06 9.9498e-06 0.2962 1.4776 
+ 2.2072e-06 8.1994e-06 1.3218e-05 6.7144e-06 8.7331e-06 1.5967e-05 9.1152e-06 1.0789e-05 7.4438e-06 1.3532e-05 0.29807 0.5543 
+ 1.8611e-05 1.4141e-05 3.0606e-06 3.0206e-05 1.9766e-05 3.9906e-06 5.1161e-06 1.3596e-05 6.7502e-06 1.5182e-05 0.55513 1.0846 
+ 4.4683e-06 2.4486e-05 1.6163e-05 1.4807e-06 2.1581e-05 7.9711e-07 9.6951e-06 9.0316e-06 8.5269e-06 3.154e-06 1.2772 1.3472 
+ 1.3522e-05 2.5898e-06 2.0078e-06 1.1852e-05 1.0773e-05 8.219e-06 1.0413e-05 1.5597e-05 9.1508e-06 1.6273e-05 0.75809 1.6278 
+ 2.8515e-05 2.6256e-05 2.5931e-05 2.6294e-05 2.8006e-05 4.2582e-07 7.5362e-06 1.3923e-06 1.6406e-05 2.0533e-06 1.4264 1.5714 
+ 8.8079e-06 1.4917e-05 1.6668e-06 2.2677e-05 2.7919e-05 8.6215e-06 4.4309e-07 1.7439e-05 3.8586e-06 1.3458e-05 1.5962 0.71571 
+ 3.0995e-05 2.8462e-05 3.3415e-05 6.2141e-06 2.7415e-05 1.713e-05 1.2703e-05 1.9398e-06 6.2139e-06 1.3177e-05 0.73851 0.36023 
+ 2.5043e-05 1.3503e-05 2.6073e-05 3.3344e-05 1.2516e-05 4.6163e-06 9.2102e-06 9.9271e-06 1.0411e-05 1.2965e-05 0.18354 1.3748 
+ 1.3453e-05 1.1406e-05 3.2833e-05 1.9174e-05 2.2314e-06 7.0661e-06 6.9742e-06 7.3609e-06 8.8571e-06 2.5578e-06 1.0139 0.28211 
+ 8.9751e-06 3.4517e-05 1.8138e-05 9.0615e-06 2.4907e-05 7.8681e-06 1.3371e-06 2.0875e-06 4.8527e-06 8.124e-06 1.2963 0.35412 
+ 9.1114e-06 2.5235e-05 8.6974e-06 2.0398e-05 3.4755e-05 1.4986e-05 6.5699e-06 1.3085e-05 1.0508e-05 9.2466e-06 0.61239 0.66932 
+ 2.6935e-05 1.4667e-05 9.3578e-06 3.2071e-05 5.9798e-06 1.4875e-05 4.3544e-06 1.1116e-05 1.5832e-05 9.6333e-06 0.88869 1.4564 
+ 2.0777e-06 3.7675e-06 2.6648e-05 3.1382e-05 4.2851e-06 8.2524e-06 3.8064e-06 1.4132e-05 1.2661e-06 1.55e-05 0.45464 1.0324 
+ 2.4095e-05 2.5802e-05 3.4769e-05 1.7069e-05 3.1981e-05 6.9616e-06 1.4682e-05 1.0277e-05 8.0364e-06 1.2257e-05 1.6028 1.0379 
+ 2.1843e-05 2.2433e-05 1.271e-05 1.5691e-05 1.7039e-05 1.6679e-05 7.191e-06 1.4638e-05 1.6815e-06 1.454e-05 0.87169 1.5813 
+ 2.6223e-05 2.9086e-06 2.6437e-05 1.1152e-05 2.9865e-05 1.3382e-05 1.1347e-06 1.0458e-05 1.0217e-05 9.6467e-06 0.96399 1.0201 
+ 3.4212e-05 4.5256e-06 4.1632e-06 2.2666e-06 2.8414e-05 1.3325e-05 6.8634e-06 1.7003e-05 9.7905e-06 1.7214e-05 0.45369 0.11596 
+ 1.3653e-05 3.4362e-05 2.1038e-05 2.6469e-05 6.8212e-06 1.7054e-05 1.399e-05 1.5709e-05 1.3867e-05 1.3682e-06 0.25351 1.395 
+ 9.3661e-06 1.7564e-05 1.527e-05 4.922e-06 8.9155e-06 9.27e-06 3.1256e-06 9.2255e-06 4.3337e-06 9.8299e-06 0.19626 1.0741 
+ 3.0754e-05 1.1266e-06 2.5669e-05 1.2683e-05 2.2276e-06 1.4291e-05 1.6436e-05 1.4237e-05 1.0647e-05 5.1992e-06 1.4112 0.86786 
+ 2.8281e-05 2.2153e-06 9.3998e-06 1.4067e-05 2.1451e-05 8.2377e-06 5.8682e-06 8.6094e-06 8.3589e-06 8.7496e-06 1.3344 0.5295 
+ 1.6328e-05 5.2313e-06 3.6351e-06 3.1033e-05 2.7281e-05 1.5313e-05 6.0567e-06 1.4949e-05 1.5523e-05 1.2384e-05 0.41311 0.51295 
+ 3.5018e-06 3.1309e-05 1.5976e-05 1.086e-06 1.8058e-05 7.1375e-06 3.8195e-06 5.9266e-06 1.1956e-05 3.8912e-06 1.5322 0.86962 
+ 1.9902e-05 1.6491e-05 2.2529e-05 2.9597e-05 1.3115e-06 1.3338e-05 1.3852e-05 1.7575e-05 6.4861e-06 1.1017e-05 1.1949 0.46375 
+ 6.8428e-06 1.9784e-05 4.9251e-06 1.0332e-05 3.4667e-05 1.758e-05 1.4269e-06 5.1377e-06 6.3669e-06 5.9925e-06 1.151 0.17776 
+ 1.8773e-05 1.7483e-05 1.604e-05 9.0244e-06 1.7708e-05 9.5052e-06 1.711e-05 1.4778e-06 4.7013e-06 1.5877e-05 1.6846 0.37079 
+ 1.2652e-05 2.6988e-06 2.2949e-05 1.7272e-05 1.1854e-05 7.8411e-06 2.9993e-06 1.3567e-05 1.7154e-05 2.5571e-06 0.15391 0.51351 
+ 1.1257e-05 3.1453e-05 2.9005e-05 2.5611e-05 6.3751e-06 3.8716e-06 5.2845e-06 1.4992e-05 5.4939e-06 2.0049e-06 0.77881 0.41666 
+ 2.5532e-05 1.0349e-05 1.1025e-05 7.3706e-06 2.2028e-05 5.943e-06 1.2425e-05 1.6616e-05 3.0028e-06 1.7271e-05 0.88397 1.0691 
+ 1.8222e-05 9.6725e-06 1.4292e-05 7.844e-06 2.0278e-05 2.1557e-06 2.6953e-06 6.0076e-06 6.6183e-06 2.9047e-06 1.0336 1.4179 
+ 2.7746e-05 2.0939e-05 3.0989e-05 3.418e-05 2.6372e-05 6.8662e-06 9.3054e-06 1.4509e-05 1.3396e-05 2.8982e-06 0.23323 1.397 
+ 7.4357e-06 1.6839e-05 2.4625e-05 2.0906e-05 5.6694e-06 6.0589e-06 1.3034e-05 9.7716e-06 1.2759e-05 2.9519e-06 1.1562 1.3836 
+ 2.3846e-05 1.3112e-05 8.7309e-06 1.0898e-05 1.2713e-05 6.2763e-06 1.6732e-05 8.4359e-06 1.267e-05 1.7761e-06 0.18369 1.233 
+ 2.1686e-06 2.3067e-05 2.6678e-05 3.3881e-05 5.3379e-06 1.4741e-05 1.3226e-05 1.4806e-05 2.9094e-07 8.2778e-06 0.99093 1.475 
+ 2.8111e-05 3.2859e-05 1.0431e-05 3.1395e-05 2.9824e-05 9.6546e-06 1.3542e-05 1.7143e-05 6.8508e-06 1.21e-05 1.2392 1.3497 
+ 2.3862e-05 2.1848e-05 9.9633e-06 6.9344e-06 1.2057e-05 9.4664e-06 7.4384e-06 1.5392e-06 1.6245e-05 1.4994e-05 0.88066 0.42607 
+ 3.3129e-05 1.015e-05 5.6164e-07 4.1235e-07 9.8856e-06 1.3978e-05 4.4477e-06 1.2809e-05 5.8529e-06 1.4262e-05 1.0882 1.6893 
+ 3.5225e-06 7.4595e-06 1.3334e-05 2.5013e-05 5.5828e-07 2.3231e-06 9.4616e-06 4.3664e-06 1.082e-05 1.2881e-05 0.44204 0.2498 
+ 3.1827e-05 1.5566e-05 1.549e-05 3.0417e-05 2.8136e-05 1.1326e-05 4.084e-06 7.2883e-06 5.4867e-06 8.6017e-06 1.1331 1.141 
+ 1.802e-05 1.2942e-06 1.0894e-05 4.4494e-06 1.7585e-05 6.3573e-06 1.5191e-05 4.958e-06 2.4078e-06 1.2807e-05 0.70903 0.44428 
+ 2.1656e-05 3.071e-05 1.0428e-05 1.7021e-06 1.8986e-05 6.1429e-06 1.1993e-05 1.5015e-05 7.1005e-06 1.7253e-05 0.26594 0.4902 
+ 1.1302e-05 2.149e-05 8.7532e-06 2.1077e-05 3.0527e-05 1.042e-05 1.4725e-05 1.7918e-05 1.4751e-05 9.1929e-06 0.70402 0.6435 
+ 3.0349e-06 7.4045e-06 3.2806e-05 2.1289e-05 2.5397e-05 1.5575e-05 1.4327e-05 1.1759e-05 1.7665e-05 5.616e-06 0.52058 0.41658 
+ 2.9824e-05 1.8365e-05 3.0156e-05 1.8244e-05 2.3499e-05 3.7184e-06 8.5395e-06 1.2724e-05 1.5541e-05 1.4254e-05 0.48606 0.91093 
.enddata

.printfile dc i(VDD) file=dcResult